q1	q2	q3	q4	q5	q6
0.001	0.001	1.69297	0.05	-1.98968	0.959931
0.0	0.001	1.69297	0.05	-1.98968	0.959931
0.0	0.0	1.69297	0.05	-1.98968	0.959931
0.0	0.0	1.693143153993448	0.05	-1.98968	0.959931
0.0	0.0	1.6943068365876701	0.05	-1.98968	0.959931
0.0	0.0	1.6973215981163254	0.05	-1.98968	0.959931
0.0	0.0	1.7029124751926956	0.05	-1.98968	0.959931
0.0	0.0	1.7116758995378	0.05	-1.98968	0.959931
0.0	0.0	1.7240866068085166	0.05	-1.98968	0.959931
0.0	0.0	1.7405045454256982	0.05	-1.98968	0.959931
0.0	0.0	1.7611817854022929	0.05	-1.98968	0.959931
0.0	0.0	1.7862694271714614	0.05	-1.98968	0.959931
0.0	0.0	1.8158245104146966	0.05	-1.98968	0.959931
0.0	0.0	1.8498169228899402	0.05	-1.98968	0.959931
0.0	0.0	1.8881363092597032	0.05	-1.98968	0.959931
0.0	0.0	1.9305989799191843	0.05	-1.98968	0.959931
0.0	0.0	1.9769548198243858	0.05	-1.98968	0.959931
0.0	0.0	2.0268941973202357	0.05	-1.98968	0.959931
0.0	0.0	2.080054872968704	0.05	-1.98968	0.959931
0.0	0.0	2.1360289083769213	0.05	-1.98968	0.959931
0.0	0.0	2.194369575025297	0.05	-1.98968	0.959931
0.0	0.0	2.2545982630956414	0.05	-1.98968	0.959931
0.0	0.0	2.3162113902992782	0.05	-1.98968	0.959931
0.0	0.0	2.3786873107051676	0.05	-1.98968	0.959931
0.0	0.0	2.4414932235680227	0.05	-1.98968	0.959931
0.0	0.0	2.504092082156428	0.05	-1.98968	0.959931
0.0	0.0	2.565949502580959	0.05	-1.98968	0.959931
0.0	0.0	2.6265406726223026	0.05	-1.98968	0.959931
0.0	0.0	2.6853572605593694	0.05	-1.98968	0.959931
0.0	0.0	2.7419143239974177	0.05	-1.98968	0.959931
0.0	0.0	2.795757218696169	0.05	-1.98968	0.959931
0.0	0.0	2.8464685073979306	0.05	-1.98968	0.959931
0.0	0.0	2.89367486865571	0.05	-1.98968	0.959931
0.0	0.0	2.9370540056613312	0.05	-1.98968	0.959931
0.0	0.0	2.976341555073561	0.05	-1.98968	0.959931
0.0	0.0	3.0113379958462247	0.05	-1.98968	0.959931
0.0	0.0	3.041915558056316	0.05	-1.98968	0.959931
0.0	0.0	3.0680251317321274	0.05	-1.98968	0.959931
0.0	0.0	3.089703175681367	0.05	-1.98968	0.959931
0.0	0.0	3.107078626319263	0.05	-1.98968	0.959931
0.0	0.0	3.1203798064967057	0.05	-1.98968	0.959931
0.0	0.0	3.129941334328345	0.05	-1.98968	0.959931
0.0	0.0	3.136211032020718	0.05	-1.98968	0.959931
0.0	0.0	3.139756834700374	0.05	-1.98968	0.959931
0.0	0.0	3.141273699241979	0.05	-1.98968	0.959931
0.0	0.0	3.1415905130964354	0.05	-1.98968	0.959931
0.0	0.0	3.141592653589793	0.05	-1.98968	0.959931
0.0	0.0	3.141592653589793	0.010233021833025949	-1.98968	0.959931
0.0	0.0	3.141592653589793	0.0	-1.98968	0.959931
0.0	0.0	3.141592653589793	0.0	-1.989434740081654	0.959931
0.0	0.0	3.141592653589793	0.0	-1.987787189328969	0.959931
0.0	0.0	3.141592653589793	0.0	-1.983521048090189	0.959931
0.0	0.0	3.141592653589793	0.0	-1.9756138299719623	0.959931
0.0	0.0	3.141592653589793	0.0	-1.9632268670044821	0.959931
0.0	0.0	3.141592653589793	0.0	-1.945695314806627	0.959931
0.0	0.0	3.141592653589793	0.0	-1.922518157751104	0.959931
0.0	0.0	3.141592653589793	0.0	-1.8933482141295903	0.959931
0.0	0.0	3.141592653589793	0.0	-1.8579821413178748	0.959931
0.0	0.0	3.141592653589793	0.0	-1.816350440940999	0.959931
0.0	0.0	3.141592653589793	0.0	-1.7685074640383998	0.959931
0.0	0.0	3.141592653589793	0.0	-1.714621416229051	0.959931
0.0	0.0	3.141592653589793	0.0	-1.6549643628766038	0.959931
0.0	0.0	3.141592653589793	0.0	-1.5899022342545313	0.959931
0.0	0.0	3.141592653589793	0.0	-1.519884830711267	0.959931
0.0	0.0	3.141592653589793	0.0	-1.445435827835348	0.959931
0.0	0.0	3.141592653589793	0.0	-1.3671427816205588	0.959931
0.0	0.0	3.141592653589793	0.0	-1.2856471336310675	0.959931
0.0	0.0	3.141592653589793	0.0	-1.2016342161665743	0.959931
0.0	0.0	3.141592653589793	0.0	-1.1158232574274471	0.959931
0.0	0.0	3.141592653589793	0.0	-1.0289573866798687	0.959931
0.0	0.0	3.141592653589793	0.0	-0.9417936394209732	0.959931
0.0	0.0	3.141592653589793	0.0	-0.855092962543992	0.959931
0.0	0.0	3.141592653589793	0.0	-0.7696102195033934	0.959931
0.0	0.0	3.141592653589793	0.0	-0.6860841954800246	0.959931
0.0	0.0	3.141592653589793	0.0	-0.6052276025462535	0.959931
0.0	0.0	3.141592653589793	0.0	-0.5277170848311106	0.959931
0.0	0.0	3.141592653589793	0.0	-0.4541832236854315	0.959931
0.0	0.0	3.141592653589793	0.0	-0.3852005428469971	0.959931
0.0	0.0	3.141592653589793	0.0	-0.32127751360567247	0.959931
0.0	0.0	3.141592653589793	0.0	-0.26284655996856054	0.959931
0.0	0.0	3.141592653589793	0.0	-0.2102540638251278	0.959931
0.0	0.0	3.141592653589793	0.0	-0.16375037011235571	0.959931
0.0	0.0	3.141592653589793	0.0	-0.12347979197988179	0.959931
0.0	0.0	3.141592653589793	0.0	-0.08947061595513617	0.959931
0.0	0.0	3.141592653589793	0.0	-0.061625107108492116	0.959931
0.0	0.0	3.141592653589793	0.0	-0.039709514218398745	0.959931
0.0	0.0	3.141592653589793	0.0	-0.023344074936527903	0.959931
0.0	0.0	3.141592653589793	0.0	-0.011993020952914435	0.959931
0.0	0.0	3.141592653589793	0.0	-0.004954583161097759	0.959931
0.0	0.0	3.141592653589793	0.0	-0.0013509968232643388	0.959931
0.0	0.0	3.141592653589793	0.0	-0.00011850673538482681	0.959931
0.0	0.0	3.141592653589793	0.0	0.0	0.959931
0.0	0.0	3.141592653589793	0.0	0.0	0.9589171864619893
0.0	0.0	3.141592653589793	0.0	0.0	0.9524182278802568
0.0	0.0	3.141592653589793	0.0	0.0	0.9365097378704055
0.0	0.0	3.141592653589793	0.0	0.0	0.9088022670751453
0.0	0.0	3.141592653589793	0.0	0.0	0.8682568235029202
0.0	0.0	3.141592653589793	0.0	0.0	0.8150003928665362
0.0	0.0	3.141592653589793	0.0	0.0	0.750141458921789
0.0	0.0	3.141592653589793	0.0	0.0	0.675585523806091
0.0	0.0	3.141592653589793	0.0	0.0	0.5938506283771006
0.0	0.0	3.141592653589793	0.0	0.0	0.507882872551347
0.0	0.0	3.141592653589793	0.0	0.0	0.42087193564286074
0.0	0.0	3.141592653589793	0.0	0.0	0.3360665967017993
0.0	0.0	3.141592653589793	0.0	0.0	0.2565902548530753
0.0	0.0	3.141592653589793	0.0	0.0	0.18525644963498522
0.0	0.0	3.141592653589793	0.0	0.0	0.1243843813378358
0.0	0.0	3.141592653589793	0.0	0.0	0.07561443134256862
0.0	0.0	3.141592653589793	0.0	0.0	0.03972368245939961
0.0	0.0	3.141592653589793	0.0	0.0	0.016441439266425828
0.0	0.0	3.141592653589793	0.0	0.0	0.004264748448277622
0.0	0.0	3.141592653589793	0.0	0.0	0.0002739191347220782
0.0	0.0	3.141592653589793	0.0	0.0	0.0
-8.947918642337278e-06	0.0	3.141592653589793	0.0	0.0	0.0
-7.092671069150192e-05	0.0	3.141592653589793	0.0	0.0	0.0
-0.0002371713456213481	0.0	3.141592653589793	0.0	0.0	0.0
-0.0005569775275985576	0.0	3.141592653589793	0.0	0.0	0.0
-0.0010777235883643167	0.0	3.141592653589793	0.0	0.0	0.0
-0.001844892380115994	0.0	3.141592653589793	0.0	0.0	0.0
-0.002902093168388821	0.0	3.141592653589793	0.0	0.0	0.0
-0.004291083524937564	0.0	3.141592653589793	0.0	0.0	0.0
-0.0060517912206182085	0.0	3.141592653589793	0.0	0.0	0.0
-0.008222336118269636	0.0	3.141592653589793	0.0	0.0	0.0
-0.010839052065595297	0.0	3.141592653589793	0.0	0.0	0.0
-0.013936508788044887	0.0	3.141592653589793	0.0	0.0	0.0
-0.017547533781696045	0.0	3.141592653589793	0.0	0.0	0.0
-0.02170323420613601	0.0	3.141592653589793	0.0	0.0	0.0
-0.02643301877734329	0.0	3.141592653589793	0.0	0.0	0.0
-0.031764619660569385	0.0	3.141592653589793	0.0	0.0	0.0
-0.03772411436322037	0.0	3.141592653589793	0.0	0.0	0.0
-0.04433594762773874	0.0	3.141592653589793	0.0	0.0	0.0
-0.05162295332448488	0.0	3.141592653589793	0.0	0.0	0.0
-0.05960637634461893	0.0	3.141592653589793	0.0	0.0	0.0
-0.06830589449298231	0.0	3.141592653589793	0.0	0.0	0.0
-0.07773964038097952	0.0	3.141592653589793	0.0	0.0	0.0
-0.08792422331945979	0.0	3.141592653589793	0.0	0.0	0.0
-0.09887475121159864	0.0	3.141592653589793	0.0	0.0	0.0
-0.11060485244577967	0.0	3.141592653589793	0.0	0.0	0.0
-0.12312669778847639	0.0	3.141592653589793	0.0	0.0	0.0
-0.13645102227713354	0.0	3.141592653589793	0.0	0.0	0.0
-0.15058714711304896	0.0	3.141592653589793	0.0	0.0	0.0
-0.1655430015542553	0.0	3.141592653589793	0.0	0.0	0.0
-0.18132514480840184	0.0	3.141592653589793	0.0	0.0	0.0
-0.19793878792563563	0.0	3.141592653589793	0.0	0.0	0.0
-0.21538781569148377	0.0	3.141592653589793	0.0	0.0	0.0
-0.23367480851973488	0.0	3.141592653589793	0.0	0.0	0.0
-0.2528010643453207	0.0	3.141592653589793	0.0	0.0	0.0
-0.2727666205171975	0.0	3.141592653589793	0.0	0.0	0.0
-0.2935702756912286	0.0	3.141592653589793	0.0	0.0	0.0
-0.31520961172306533	0.0	3.141592653589793	0.0	0.0	0.0
-0.3376810155610286	0.0	3.141592653589793	0.0	0.0	0.0
-0.36097970113899125	0.0	3.141592653589793	0.0	0.0	0.0
-0.3850997312692588	0.0	3.141592653589793	0.0	0.0	0.0
-0.4100340395354526	0.0	3.141592653589793	0.0	0.0	0.0
-0.43577445218539	0.0	3.141592653589793	0.0	0.0	0.0
-0.4623117100239663	0.0	3.141592653589793	0.0	0.0	0.0
-0.48963549030603754	0.0	3.141592653589793	0.0	0.0	0.0
-0.5177344286293005	0.0	3.141592653589793	0.0	0.0	0.0
-0.5465961408271763	0.0	3.141592653589793	0.0	0.0	0.0
-0.5762072448616898	0.0	3.141592653589793	0.0	0.0	0.0
-0.6065533827163536	0.0	3.141592653589793	0.0	0.0	0.0
-0.637619242289048	0.0	3.141592653589793	0.0	0.0	0.0
-0.6693885792849035	0.0	3.141592653589793	0.0	0.0	0.0
-0.7018442391091824	0.0	3.141592653589793	0.0	0.0	0.0
-0.7349681787601603	0.0	3.141592653589793	0.0	0.0	0.0
-0.7687414887220076	0.0	3.141592653589793	0.0	0.0	0.0
-0.8031444148576717	0.0	3.141592653589793	0.0	0.0	0.0
-0.8381563803017585	0.0	3.141592653589793	0.0	0.0	0.0
-0.8737560073534136	0.0	3.141592653589793	0.0	0.0	0.0
-0.9099211393692043	0.0	3.141592653589793	0.0	0.0	0.0
-0.9466288626560018	0.0	3.141592653589793	0.0	0.0	0.0
-0.9838555283638625	0.0	3.141592653589793	0.0	0.0	0.0
-1.0215767743789086	0.0	3.141592653589793	0.0	0.0	0.0
-1.0597675472162118	0.0	3.141592653589793	0.0	0.0	0.0
-1.0984021239126738	0.0	3.141592653589793	0.0	0.0	0.0
-1.1374541339199074	0.0	3.141592653589793	0.0	0.0	0.0
-1.1768965809971201	0.0	3.141592653589793	0.0	0.0	0.0
-1.2167018651039934	0.0	3.141592653589793	0.0	0.0	0.0
-1.2568418042935663	0.0	3.141592653589793	0.0	0.0	0.0
-1.2972876566051157	0.0	3.141592653589793	0.0	0.0	0.0
-1.3380101419570394	0.0	3.141592653589793	0.0	0.0	0.0
-1.3789794640397375	0.0	3.141592653589793	0.0	0.0	0.0
-1.4201653322084922	0.0	3.141592653589793	0.0	0.0	0.0
-1.461536983376352	0.0	3.141592653589793	0.0	0.0	0.0
-1.5030632039070122	0.0	3.141592653589793	0.0	0.0	0.0
-1.5447123515076966	0.0	3.141592653589793	0.0	0.0	0.0
-1.5864523771220391	0.0	3.141592653589793	0.0	0.0	0.0
-1.6282508468229666	0.0	3.141592653589793	0.0	0.0	0.0
-1.6700749637055772	0.0	3.141592653589793	0.0	0.0	0.0
-1.7118915897800262	0.0	3.141592653589793	0.0	0.0	0.0
-1.753667267864407	0.0	3.141592653589793	0.0	0.0	0.0
-1.795368243477629	0.0	3.141592653589793	0.0	0.0	0.0
-1.8369604867323028	0.0	3.141592653589793	0.0	0.0	0.0
-1.8784097142276237	0.0	3.141592653589793	0.0	0.0	0.0
-1.9196814109422453	0.0	3.141592653589793	0.0	0.0	0.0
-1.9607408521271719	0.0	3.141592653589793	0.0	0.0	0.0
-2.0015531251986314	0.0	3.141592653589793	0.0	0.0	0.0
-2.0420831516309614	0.0	3.141592653589793	0.0	0.0	0.0
-2.0822957088494918	0.0	3.141592653589793	0.0	0.0	0.0
-2.122155452123423	0.0	3.141592653589793	0.0	0.0	0.0
-2.161626936458706	0.0	3.141592653589793	0.0	0.0	0.0
-2.200674638490934	0.0	3.141592653589793	0.0	0.0	0.0
-2.2392629783782123	0.0	3.141592653589793	0.0	0.0	0.0
-2.2773563416940457	0.0	3.141592653589793	0.0	0.0	0.0
-2.314919101320221	0.0	3.141592653589793	0.0	0.0	0.0
-2.3519156393396856	0.0	3.141592653589793	0.0	0.0	0.0
-2.3883103689294325	0.0	3.141592653589793	0.0	0.0	0.0
-2.424067756253379	0.0	3.141592653589793	0.0	0.0	0.0
-2.459152342355249	0.0	3.141592653589793	0.0	0.0	0.0
-2.4935287650514573	0.0	3.141592653589793	0.0	0.0	0.0
-2.5271617808239863	0.0	3.141592653589793	0.0	0.0	0.0
-2.560016286713272	0.0	3.141592653589793	0.0	0.0	0.0
-2.5920573422110884	0.0	3.141592653589793	0.0	0.0	0.0
-2.6232501911534185	0.0	3.141592653589793	0.0	0.0	0.0
-2.6535602836133454	0.0	3.141592653589793	0.0	0.0	0.0
-2.6829532977939277	0.0	3.141592653589793	0.0	0.0	0.0
-2.711395161921097	0.0	3.141592653589793	0.0	0.0	0.0
-2.7388520761365074	0.0	3.141592653589793	0.0	0.0	0.0
-2.765290534390458	0.0	3.141592653589793	0.0	0.0	0.0
-2.7906773463347365	0.0	3.141592653589793	0.0	0.0	0.0
-2.814979659215527	0.0	3.141592653589793	0.0	0.0	0.0
-2.8381649797662787	0.0	3.141592653589793	0.0	0.0	0.0
-2.8602011961005953	0.0	3.141592653589793	0.0	0.0	0.0
-2.8810565996051105	0.0	3.141592653589793	0.0	0.0	0.0
-2.90069990683237	0.0	3.141592653589793	0.0	0.0	0.0
-2.91910028139372	0.0	3.141592653589793	0.0	0.0	0.0
-2.936227355852183	0.0	3.141592653589793	0.0	0.0	0.0
-2.952051253615332	0.0	3.141592653589793	0.0	0.0	0.0
-2.9665426108281934	0.0	3.141592653589793	0.0	0.0	0.0
-2.97967259826611	0.0	3.141592653589793	0.0	0.0	0.0
-2.991412943227628	0.0	3.141592653589793	0.0	0.0	0.0
-3.001735951427384	0.0	3.141592653589793	0.0	0.0	0.0
-3.0106145288889774	0.0	3.141592653589793	0.0	0.0	0.0
-3.0180222038378473	0.0	3.141592653589793	0.0	0.0	0.0
-3.0239331485941925	0.0	3.141592653589793	0.0	0.0	0.0
-3.0283222014657944	0.0	3.141592653589793	0.0	0.0	0.0
-3.0311648886409417	0.0	3.141592653589793	0.0	0.0	0.0
-3.032437446081297	0.0	3.141592653589793	0.0	0.0	0.0
-3.0325095753401476	0.0	3.141592653589793	0.0	0.0	0.0
-3.0325095753401476	0.0	3.141592653589793	0.0	0.0	0.0
-3.0317095753401477	0.0	3.141592653589793	0.0	0.0	0.0
-3.0293095753401476	0.0	3.141592653589793	0.0	0.0	0.0
-3.0253095753401475	0.0	3.141592653589793	0.0	0.0	0.0
-3.0197095753401477	0.0	3.141592653589793	0.0	0.0	0.0
-3.0125095753401476	0.0	3.141592653589793	0.0	0.0	0.0
-3.0037095753401477	0.0	3.141592653589793	0.0	0.0	0.0
-2.9933095753401475	0.0	3.141592653589793	0.0	0.0	0.0
-2.9813095753401475	0.0	3.141592653589793	0.0	0.0	0.0
-2.9677095753401477	0.0	3.141592653589793	0.0	0.0	0.0
-2.9525095753401476	0.0	3.141592653589793	0.0	0.0	0.0
-2.9357095753401476	0.0	3.141592653589793	0.0	0.0	0.0
-2.9173095753401475	0.0	3.141592653589793	0.0	0.0	0.0
-2.897309575340148	0.0	3.141592653589793	0.0	0.0	0.0
-2.8757095753401476	0.0	3.141592653589793	0.0	0.0	0.0
-2.8525095753401475	0.0	3.141592653589793	0.0	0.0	0.0
-2.8277095753401476	0.0	3.141592653589793	0.0	0.0	0.0
-2.801309575340148	0.0	3.141592653589793	0.0	0.0	0.0
-2.7733095753401478	0.0	3.141592653589793	0.0	0.0	0.0
-2.7437095753401475	0.0	3.141592653589793	0.0	0.0	0.0
-2.7125095753401474	0.0	3.141592653589793	0.0	0.0	0.0
-2.6797095753401474	0.0	3.141592653589793	0.0	0.0	0.0
-2.645309575340147	0.0	3.141592653589793	0.0	0.0	0.0
-2.6093095753401476	0.0	3.141592653589793	0.0	0.0	0.0
-2.5717095753401473	0.0	3.141592653589793	0.0	0.0	0.0
-2.532509575340147	0.0	3.141592653589793	0.0	0.0	0.0
-2.4917095753401473	0.0	3.141592653589793	0.0	0.0	0.0
-2.4493095753401475	0.0	3.141592653589793	0.0	0.0	0.0
-2.4053095753401474	0.0	3.141592653589793	0.0	0.0	0.0
-2.3600356186358447	0.0	3.141592653589793	0.0	0.0	0.0
-2.3146570580839922	0.0	3.141592653589793	0.0	0.0	0.0
-2.2692784975321394	0.0	3.141592653589793	0.0	0.0	0.0
-2.223899936980287	0.0	3.141592653589793	0.0	0.0	0.0
-2.178521376428434	0.0	3.141592653589793	0.0	0.0	0.0
-2.1331428158765817	0.0	3.141592653589793	0.0	0.0	0.0
-2.087764255324729	0.0	3.141592653589793	0.0	0.0	0.0
-2.0423856947728765	0.0	3.141592653589793	0.0	0.0	0.0
-1.9970071342210238	0.0	3.141592653589793	0.0	0.0	0.0
-1.9516285736691712	0.0	3.141592653589793	0.0	0.0	0.0
-1.9062500131173186	0.0	3.141592653589793	0.0	0.0	0.0
-1.860871452565466	0.0	3.141592653589793	0.0	0.0	0.0
-1.8154928920136133	0.0	3.141592653589793	0.0	0.0	0.0
-1.7701143314617607	0.0	3.141592653589793	0.0	0.0	0.0
-1.724735770909908	0.0	3.141592653589793	0.0	0.0	0.0
-1.6793572103580554	0.0	3.141592653589793	0.0	0.0	0.0
-1.633978649806203	0.0	3.141592653589793	0.0	0.0	0.0
-1.5886000892543504	0.0	3.141592653589793	0.0	0.0	0.0
-1.5432215287024977	0.0	3.141592653589793	0.0	0.0	0.0
-1.497842968150645	0.0	3.141592653589793	0.0	0.0	0.0
-1.4524644075987925	0.0	3.141592653589793	0.0	0.0	0.0
-1.40708584704694	0.0	3.141592653589793	0.0	0.0	0.0
-1.3617072864950874	0.0	3.141592653589793	0.0	0.0	0.0
-1.3163287259432348	0.0	3.141592653589793	0.0	0.0	0.0
-1.2709501653913822	0.0	3.141592653589793	0.0	0.0	0.0
-1.2255716048395298	0.0	3.141592653589793	0.0	0.0	0.0
-1.1801930442876771	0.0	3.141592653589793	0.0	0.0	0.0
-1.1348144837358245	0.0	3.141592653589793	0.0	0.0	0.0
-1.0894359231839719	0.0	3.141592653589793	0.0	0.0	0.0
-1.0440573626321192	0.0	3.141592653589793	0.0	0.0	0.0
-0.9986788020802666	0.0	3.141592653589793	0.0	0.0	0.0
-0.9533002415284142	0.0	3.141592653589793	0.0	0.0	0.0
-0.9079216809765613	0.0	3.141592653589793	0.0	0.0	0.0
-0.8625431204247089	0.0	3.141592653589793	0.0	0.0	0.0
-0.8171645598728561	0.0	3.141592653589793	0.0	0.0	0.0
-0.7717859993210037	0.0	3.141592653589793	0.0	0.0	0.0
-0.7264074387691513	0.0	3.141592653589793	0.0	0.0	0.0
-0.6810288782172984	0.0	3.141592653589793	0.0	0.0	0.0
-0.635650317665446	0.0	3.141592653589793	0.0	0.0	0.0
-0.5902717571135936	0.0	3.141592653589793	0.0	0.0	0.0
-0.5448931965617407	0.0	3.141592653589793	0.0	0.0	0.0
-0.4995146360098883	0.0	3.141592653589793	0.0	0.0	0.0
-0.45413607545803547	0.0	3.141592653589793	0.0	0.0	0.0
-0.40875751490618306	0.0	3.141592653589793	0.0	0.0	0.0
-0.3633789543543302	0.0	3.141592653589793	0.0	0.0	0.0
-0.3180003938024778	0.0	3.141592653589793	0.0	0.0	0.0
-0.27262183325062495	0.0	3.141592653589793	0.0	0.0	0.0
-0.22724327269877254	0.0	3.141592653589793	0.0	0.0	0.0
-0.18186471214691968	0.0	3.141592653589793	0.0	0.0	0.0
-0.13648615159506727	0.0	3.141592653589793	0.0	0.0	0.0
-0.09110759104321486	0.0	3.141592653589793	0.0	0.0	0.0
-0.04572903049136201	0.0	3.141592653589793	0.0	0.0	0.0
-0.00035046993950960115	0.0	3.141592653589793	0.0	0.0	0.0
0.04502809061234325	0.0	3.141592653589793	0.0	0.0	0.0
0.09040665116419566	0.0	3.141592653589793	0.0	0.0	0.0
0.13578521171604852	0.0	3.141592653589793	0.0	0.0	0.0
0.18116377226790092	0.0	3.141592653589793	0.0	0.0	0.0
0.22654233281975378	0.0	3.141592653589793	0.0	0.0	0.0
0.2719208933716062	0.0	3.141592653589793	0.0	0.0	0.0
0.3172994539234586	0.0	3.141592653589793	0.0	0.0	0.0
0.36267801447531145	0.0	3.141592653589793	0.0	0.0	0.0
0.40805657502716386	0.0	3.141592653589793	0.0	0.0	0.0
0.4534351355790167	0.0	3.141592653589793	0.0	0.0	0.0
0.4988136961308691	0.0	3.141592653589793	0.0	0.0	0.0
0.544192256682722	0.0	3.141592653589793	0.0	0.0	0.0
0.5895708172345744	0.0	3.141592653589793	0.0	0.0	0.0
0.6349493777864272	0.0	3.141592653589793	0.0	0.0	0.0
0.6803279383382796	0.0	3.141592653589793	0.0	0.0	0.0
0.7257064988901325	0.0	3.141592653589793	0.0	0.0	0.0
0.7710850594419849	0.0	3.141592653589793	0.0	0.0	0.0
0.8164636199938373	0.0	3.141592653589793	0.0	0.0	0.0
0.8618421805456902	0.0	3.141592653589793	0.0	0.0	0.0
0.9072207410975426	0.0	3.141592653589793	0.0	0.0	0.0
0.9525993016493954	0.0	3.141592653589793	0.0	0.0	0.0
0.9979778622012483	0.0	3.141592653589793	0.0	0.0	0.0
1.0433564227531007	0.0	3.141592653589793	0.0	0.0	0.0
1.088734983304953	0.0	3.141592653589793	0.0	0.0	0.0
1.1341135438568055	0.0	3.141592653589793	0.0	0.0	0.0
1.1794921044086588	0.0	3.141592653589793	0.0	0.0	0.0
1.2248706649605112	0.0	3.141592653589793	0.0	0.0	0.0
1.2702492255123636	0.0	3.141592653589793	0.0	0.0	0.0
1.315627786064216	0.0	3.141592653589793	0.0	0.0	0.0
1.3610063466160685	0.0	3.141592653589793	0.0	0.0	0.0
1.4063849071679217	0.0	3.141592653589793	0.0	0.0	0.0
1.4517634677197742	0.0	3.141592653589793	0.0	0.0	0.0
1.4971420282716266	0.0	3.141592653589793	0.0	0.0	0.0
1.542520588823479	0.0	3.141592653589793	0.0	0.0	0.0
1.5878991493753323	0.0	3.141592653589793	0.0	0.0	0.0
1.6332777099271847	0.0	3.141592653589793	0.0	0.0	0.0
1.678656270479037	0.0	3.141592653589793	0.0	0.0	0.0
1.7240348310308895	0.0	3.141592653589793	0.0	0.0	0.0
1.769413391582742	0.0	3.141592653589793	0.0	0.0	0.0
1.8147919521345952	0.0	3.141592653589793	0.0	0.0	0.0
1.8601705126864476	0.0	3.141592653589793	0.0	0.0	0.0
1.9055490732383	0.0	3.141592653589793	0.0	0.0	0.0
1.9509276337901524	0.0	3.141592653589793	0.0	0.0	0.0
1.9963061943420057	0.0	3.141592653589793	0.0	0.0	0.0
2.041684754893858	0.0	3.141592653589793	0.0	0.0	0.0
2.0870633154457106	0.0	3.141592653589793	0.0	0.0	0.0
2.132441875997563	0.0	3.141592653589793	0.0	0.0	0.0
2.1778204365494154	0.0	3.141592653589793	0.0	0.0	0.0
2.2231989971012687	0.0	3.141592653589793	0.0	0.0	0.0
2.268577557653121	0.0	3.141592653589793	0.0	0.0	0.0
2.3139561182049735	0.0	3.141592653589793	0.0	0.0	0.0
2.359334678756826	0.0	3.141592653589793	0.0	0.0	0.0
2.404713239308679	0.0	3.141592653589793	0.0	0.0	0.0
2.4500917998605316	0.0	3.141592653589793	0.0	0.0	0.0
2.495470360412384	0.0	3.141592653589793	0.0	0.0	0.0
2.540138565934651	0.0	3.141592653589793	0.0	0.0	0.0
2.583209434178811	0.0	3.141592653589793	0.0	0.0	0.0
2.6246803024229712	0.0	3.141592653589793	0.0	0.0	0.0
2.6645511706671314	0.0	3.141592653589793	0.0	0.0	0.0
2.7028220389112914	0.0	3.141592653589793	0.0	0.0	0.0
2.739492907155452	0.0	3.141592653589793	0.0	0.0	0.0
2.7745637753996117	0.0	3.141592653589793	0.0	0.0	0.0
2.8080346436437718	0.0	3.141592653589793	0.0	0.0	0.0
2.839905511887932	0.0	3.141592653589793	0.0	0.0	0.0
2.8701763801320923	0.0	3.141592653589793	0.0	0.0	0.0
2.8988472483762524	0.0	3.141592653589793	0.0	0.0	0.0
2.9259181166204122	0.0	3.141592653589793	0.0	0.0	0.0
2.9513889848645727	0.0	3.141592653589793	0.0	0.0	0.0
2.9752598531087324	0.0	3.141592653589793	0.0	0.0	0.0
2.997530721352893	0.0	3.141592653589793	0.0	0.0	0.0
3.018201589597053	0.0	3.141592653589793	0.0	0.0	0.0
3.0372724578412127	0.0	3.141592653589793	0.0	0.0	0.0
3.054743326085373	0.0	3.141592653589793	0.0	0.0	0.0
3.070614194329533	0.0	3.141592653589793	0.0	0.0	0.0
3.084885062573693	0.0	3.141592653589793	0.0	0.0	0.0
3.0975559308178533	0.0	3.141592653589793	0.0	0.0	0.0
3.108626799062013	0.0	3.141592653589793	0.0	0.0	0.0
3.118097667306173	0.0	3.141592653589793	0.0	0.0	0.0
3.1259685355503333	0.0	3.141592653589793	0.0	0.0	0.0
3.1322394037944936	0.0	3.141592653589793	0.0	0.0	0.0
3.1369102720386537	0.0	3.141592653589793	0.0	0.0	0.0
3.1399811402828135	0.0	3.141592653589793	0.0	0.0	0.0
3.141592653589793	0.0	3.141592653589793	0.0	0.0	0.0
3.141592653589793	0.0	3.141592653589793	0.0	0.0	0.0
3.140792653589793	0.0	3.141592653589793	0.0	0.0	0.0
3.138392653589793	0.0	3.141592653589793	0.0	0.0	0.0
3.134392653589793	0.0	3.141592653589793	0.0	0.0	0.0
3.128792653589793	0.0	3.141592653589793	0.0	0.0	0.0
3.121592653589793	0.0	3.141592653589793	0.0	0.0	0.0
3.112792653589793	0.0	3.141592653589793	0.0	0.0	0.0
3.102392653589793	0.0	3.141592653589793	0.0	0.0	0.0
3.090392653589793	0.0	3.141592653589793	0.0	0.0	0.0
3.076792653589793	0.0	3.141592653589793	0.0	0.0	0.0
3.061592653589793	0.0	3.141592653589793	0.0	0.0	0.0
3.044792653589793	0.0	3.141592653589793	0.0	0.0	0.0
3.0263926535897934	0.0	3.141592653589793	0.0	0.0	0.0
3.0063926535897934	0.0	3.141592653589793	0.0	0.0	0.0
2.984792653589793	0.0	3.141592653589793	0.0	0.0	0.0
2.961592653589793	0.0	3.141592653589793	0.0	0.0	0.0
2.936792653589793	0.0	3.141592653589793	0.0	0.0	0.0
2.9103926535897933	0.0	3.141592653589793	0.0	0.0	0.0
2.8823926535897932	0.0	3.141592653589793	0.0	0.0	0.0
2.852792653589793	0.0	3.141592653589793	0.0	0.0	0.0
2.821592653589793	0.0	3.141592653589793	0.0	0.0	0.0
2.788792653589793	0.0	3.141592653589793	0.0	0.0	0.0
2.754392653589793	0.0	3.141592653589793	0.0	0.0	0.0
2.7183926535897927	0.0	3.141592653589793	0.0	0.0	0.0
2.680792653589793	0.0	3.141592653589793	0.0	0.0	0.0
2.641592653589793	0.0	3.141592653589793	0.0	0.0	0.0
2.6007926535897927	0.0	3.141592653589793	0.0	0.0	0.0
2.558392653589793	0.0	3.141592653589793	0.0	0.0	0.0
2.514392653589793	0.0	3.141592653589793	0.0	0.0	0.0
2.46911869688549	0.0	3.141592653589793	0.0	0.0	0.0
2.4237401363336373	0.0	3.141592653589793	0.0	0.0	0.0
2.378361575781785	0.0	3.141592653589793	0.0	0.0	0.0
2.3329830152299325	0.0	3.141592653589793	0.0	0.0	0.0
2.2876044546780796	0.0	3.141592653589793	0.0	0.0	0.0
2.242225894126227	0.0	3.141592653589793	0.0	0.0	0.0
2.1968473335743743	0.0	3.141592653589793	0.0	0.0	0.0
2.151468773022522	0.0	3.141592653589793	0.0	0.0	0.0
2.1060902124706695	0.0	3.141592653589793	0.0	0.0	0.0
2.0607116519188167	0.0	3.141592653589793	0.0	0.0	0.0
2.015333091366964	0.0	3.141592653589793	0.0	0.0	0.0
1.9699545308151114	0.0	3.141592653589793	0.0	0.0	0.0
1.9245759702632588	0.0	3.141592653589793	0.0	0.0	0.0
1.8791974097114061	0.0	3.141592653589793	0.0	0.0	0.0
1.8338188491595535	0.0	3.141592653589793	0.0	0.0	0.0
1.7884402886077009	0.0	3.141592653589793	0.0	0.0	0.0
1.7430617280558485	0.0	3.141592653589793	0.0	0.0	0.0
1.6976831675039958	0.0	3.141592653589793	0.0	0.0	0.0
1.6523046069521432	0.0	3.141592653589793	0.0	0.0	0.0
1.6069260464002906	0.0	3.141592653589793	0.0	0.0	0.0
1.561547485848438	0.0	3.141592653589793	0.0	0.0	0.0
1.5161689252965855	0.0	3.141592653589793	0.0	0.0	0.0
1.470790364744733	0.0	3.141592653589793	0.0	0.0	0.0
1.4254118041928803	0.0	3.141592653589793	0.0	0.0	0.0
1.3800332436410276	0.0	3.141592653589793	0.0	0.0	0.0
1.3346546830891752	0.0	3.141592653589793	0.0	0.0	0.0
1.2892761225373226	0.0	3.141592653589793	0.0	0.0	0.0
1.24389756198547	0.0	3.141592653589793	0.0	0.0	0.0
1.1985190014336173	0.0	3.141592653589793	0.0	0.0	0.0
1.1531404408817647	0.0	3.141592653589793	0.0	0.0	0.0
1.107761880329912	0.0	3.141592653589793	0.0	0.0	0.0
1.0623833197780597	0.0	3.141592653589793	0.0	0.0	0.0
1.0170047592262068	0.0	3.141592653589793	0.0	0.0	0.0
0.9716261986743544	0.0	3.141592653589793	0.0	0.0	0.0
0.9262476381225015	0.0	3.141592653589793	0.0	0.0	0.0
0.8808690775706491	0.0	3.141592653589793	0.0	0.0	0.0
0.8354905170187967	0.0	3.141592653589793	0.0	0.0	0.0
0.7901119564669439	0.0	3.141592653589793	0.0	0.0	0.0
0.7447333959150915	0.0	3.141592653589793	0.0	0.0	0.0
0.6993548353632391	0.0	3.141592653589793	0.0	0.0	0.0
0.6539762748113862	0.0	3.141592653589793	0.0	0.0	0.0
0.6085977142595338	0.0	3.141592653589793	0.0	0.0	0.0
0.5632191537076809	0.0	3.141592653589793	0.0	0.0	0.0
0.5178405931558285	0.0	3.141592653589793	0.0	0.0	0.0
0.4724620326039757	0.0	3.141592653589793	0.0	0.0	0.0
0.42708347205212327	0.0	3.141592653589793	0.0	0.0	0.0
0.3817049115002704	0.0	3.141592653589793	0.0	0.0	0.0
0.336326350948418	0.0	3.141592653589793	0.0	0.0	0.0
0.29094779039656515	0.0	3.141592653589793	0.0	0.0	0.0
0.24556922984471274	0.0	3.141592653589793	0.0	0.0	0.0
0.20019066929286033	0.0	3.141592653589793	0.0	0.0	0.0
0.15481210874100748	0.0	3.141592653589793	0.0	0.0	0.0
0.10943354818915507	0.0	3.141592653589793	0.0	0.0	0.0
0.06405498763730222	0.0	3.141592653589793	0.0	0.0	0.0
0.01867642708544981	0.0	3.141592653589793	0.0	0.0	0.0
-0.026702133466403044	0.0	3.141592653589793	0.0	0.0	0.0
-0.07208069401825545	0.0	3.141592653589793	0.0	0.0	0.0
-0.1174592545701083	0.0	3.141592653589793	0.0	0.0	0.0
-0.16283781512196072	0.0	3.141592653589793	0.0	0.0	0.0
-0.20821637567381313	0.0	3.141592653589793	0.0	0.0	0.0
-0.253594936225666	0.0	3.141592653589793	0.0	0.0	0.0
-0.2989734967775184	0.0	3.141592653589793	0.0	0.0	0.0
-0.34435205732937124	0.0	3.141592653589793	0.0	0.0	0.0
-0.38973061788122365	0.0	3.141592653589793	0.0	0.0	0.0
-0.4351091784330765	0.0	3.141592653589793	0.0	0.0	0.0
-0.4804877389849289	0.0	3.141592653589793	0.0	0.0	0.0
-0.5258662995367818	0.0	3.141592653589793	0.0	0.0	0.0
-0.5712448600886342	0.0	3.141592653589793	0.0	0.0	0.0
-0.616623420640487	0.0	3.141592653589793	0.0	0.0	0.0
-0.6620019811923394	0.0	3.141592653589793	0.0	0.0	0.0
-0.7073805417441918	0.0	3.141592653589793	0.0	0.0	0.0
-0.7527591022960447	0.0	3.141592653589793	0.0	0.0	0.0
-0.7981376628478971	0.0	3.141592653589793	0.0	0.0	0.0
-0.84351622339975	0.0	3.141592653589793	0.0	0.0	0.0
-0.8888947839516028	0.0	3.141592653589793	0.0	0.0	0.0
-0.9342733445034552	0.0	3.141592653589793	0.0	0.0	0.0
-0.9796519050553076	0.0	3.141592653589793	0.0	0.0	0.0
-1.02503046560716	0.0	3.141592653589793	0.0	0.0	0.0
-1.0704090261590133	0.0	3.141592653589793	0.0	0.0	0.0
-1.1157875867108658	0.0	3.141592653589793	0.0	0.0	0.0
-1.1611661472627182	0.0	3.141592653589793	0.0	0.0	0.0
-1.2065447078145706	0.0	3.141592653589793	0.0	0.0	0.0
-1.251923268366423	0.0	3.141592653589793	0.0	0.0	0.0
-1.2973018289182763	0.0	3.141592653589793	0.0	0.0	0.0
-1.3426803894701287	0.0	3.141592653589793	0.0	0.0	0.0
-1.388058950021981	0.0	3.141592653589793	0.0	0.0	0.0
-1.4334375105738335	0.0	3.141592653589793	0.0	0.0	0.0
-1.4788160711256868	0.0	3.141592653589793	0.0	0.0	0.0
-1.5241946316775392	0.0	3.141592653589793	0.0	0.0	0.0
-1.5695731922293916	0.0	3.141592653589793	0.0	0.0	0.0
-1.614951752781244	0.0	3.141592653589793	0.0	0.0	0.0
-1.6603303133330964	0.0	3.141592653589793	0.0	0.0	0.0
-1.7057088738849497	0.0	3.141592653589793	0.0	0.0	0.0
-1.7510874344368021	0.0	3.141592653589793	0.0	0.0	0.0
-1.7964659949886546	0.0	3.141592653589793	0.0	0.0	0.0
-1.841844555540507	0.0	3.141592653589793	0.0	0.0	0.0
-1.8872231160923603	0.0	3.141592653589793	0.0	0.0	0.0
-1.9326016766442127	0.0	3.141592653589793	0.0	0.0	0.0
-1.977980237196065	0.0	3.141592653589793	0.0	0.0	0.0
-2.0233587977479175	0.0	3.141592653589793	0.0	0.0	0.0
-2.06873735829977	0.0	3.141592653589793	0.0	0.0	0.0
-2.114115918851623	0.0	3.141592653589793	0.0	0.0	0.0
-2.1594944794034756	0.0	3.141592653589793	0.0	0.0	0.0
-2.204873039955328	0.0	3.141592653589793	0.0	0.0	0.0
-2.2502516005071804	0.0	3.141592653589793	0.0	0.0	0.0
-2.2956301610590337	0.0	3.141592653589793	0.0	0.0	0.0
-2.341008721610886	0.0	3.141592653589793	0.0	0.0	0.0
-2.3863872821627385	0.0	3.141592653589793	0.0	0.0	0.0
-2.431055487685006	0.0	3.141592653589793	0.0	0.0	0.0
-2.4741263559291657	0.0	3.141592653589793	0.0	0.0	0.0
-2.5155972241733258	0.0	3.141592653589793	0.0	0.0	0.0
-2.555468092417486	0.0	3.141592653589793	0.0	0.0	0.0
-2.5937389606616463	0.0	3.141592653589793	0.0	0.0	0.0
-2.6304098289058064	0.0	3.141592653589793	0.0	0.0	0.0
-2.6654806971499663	0.0	3.141592653589793	0.0	0.0	0.0
-2.6989515653941263	0.0	3.141592653589793	0.0	0.0	0.0
-2.7308224336382865	0.0	3.141592653589793	0.0	0.0	0.0
-2.761093301882447	0.0	3.141592653589793	0.0	0.0	0.0
-2.789764170126607	0.0	3.141592653589793	0.0	0.0	0.0
-2.8168350383707668	0.0	3.141592653589793	0.0	0.0	0.0
-2.8423059066149268	0.0	3.141592653589793	0.0	0.0	0.0
-2.866176774859087	0.0	3.141592653589793	0.0	0.0	0.0
-2.8884476431032473	0.0	3.141592653589793	0.0	0.0	0.0
-2.9091185113474074	0.0	3.141592653589793	0.0	0.0	0.0
-2.928189379591567	0.0	3.141592653589793	0.0	0.0	0.0
-2.9456602478357277	0.0	3.141592653589793	0.0	0.0	0.0
-2.9615311160798874	0.0	3.141592653589793	0.0	0.0	0.0
-2.9758019843240477	0.0	3.141592653589793	0.0	0.0	0.0
-2.988472852568208	0.0	3.141592653589793	0.0	0.0	0.0
-2.9995437208123676	0.0	3.141592653589793	0.0	0.0	0.0
-3.0090145890565276	0.0	3.141592653589793	0.0	0.0	0.0
-3.016885457300688	0.0	3.141592653589793	0.0	0.0	0.0
-3.023156325544848	0.0	3.141592653589793	0.0	0.0	0.0
-3.027827193789008	0.0	3.141592653589793	0.0	0.0	0.0
-3.030898062033168	0.0	3.141592653589793	0.0	0.0	0.0
-3.0325095753401476	0.0	3.141592653589793	0.0	0.0	0.0
-3.0332753427727264	0.0	3.141592653589793	0.0	0.0	0.0
-3.0354383901087667	0.0	3.141592653589793	0.0	0.0	0.0
-3.0388033005775896	0.0	3.141592653589793	0.0	0.0	0.0
-3.043182516044586	0.0	3.141592653589793	0.0	0.0	0.0
-3.048396217519866	0.0	3.141592653589793	0.0	0.0	0.0
-3.0542722056669036	0.0	3.141592653589793	0.0	0.0	0.0
-3.0606457813111834	0.0	3.141592653589793	0.0	0.0	0.0
-3.0673596259488494	0.0	3.141592653589793	0.0	0.0	0.0
-3.0742636822553475	0.0	3.141592653589793	0.0	0.0	0.0
-3.081215034594077	0.0	3.141592653589793	0.0	0.0	0.0
-3.0880777895250353	0.0	3.141592653589793	0.0	0.0	0.0
-3.094722956313463	0.0	3.141592653589793	0.0	0.0	0.0
-3.101028327438493	0.0	3.141592653589793	0.0	0.0	0.0
-3.1068783591017968	0.0	3.141592653589793	0.0	0.0	0.0
-3.11216405173623	0.0	3.141592653589793	0.0	0.0	0.0
-3.116782830514479	0.0	3.141592653589793	0.0	0.0	0.0
-3.1206384258577113	0.0	3.141592653589793	0.0	0.0	0.0
-3.123640753944218	0.0	3.141592653589793	0.0	0.0	0.0
-3.1257057972180604	0.0	3.141592653589793	0.0	0.0	0.0
-3.1267554848977213	0.0	3.141592653589793	0.0	0.0	0.0
-3.1267175734847448	0.0	3.141592653589793	0.0	0.0	0.0
-3.1255255272723907	0.0	3.141592653589793	0.0	0.0	0.0
-3.1231183988542766	0.0	3.141592653589793	0.0	0.0	0.0
-3.119440709633023	0.0	3.141592653589793	0.0	0.0	0.0
-3.114442330328906	0.0	3.141592653589793	0.0	0.0	0.0
-3.1080783614884977	0.0	3.141592653589793	0.0	0.0	0.0
-3.100309013993318	0.0	3.141592653589793	0.0	0.0	0.0
-3.091099489568477	0.0	3.141592653589793	0.0	0.0	0.0
-3.080419861291325	0.0	3.141592653589793	0.0	0.0	0.0
-3.0682449541000976	0.0	3.141592653589793	0.0	0.0	0.0
-3.0545542253025633	0.0	3.141592653589793	0.0	0.0	0.0
-3.03933164508467	0.0	3.141592653589793	0.0	0.0	0.0
-3.0225655770191886	0.0	3.141592653589793	0.0	0.0	0.0
-3.004248658574367	0.0	3.141592653589793	0.0	0.0	0.0
-2.9843776816225698	0.0	3.141592653589793	0.0	0.0	0.0
-2.9629534729489277	0.0	3.141592653589793	0.0	0.0	0.0
-2.939980774759985	0.0	3.141592653589793	0.0	0.0	0.0
-2.9154681251923433	0.0	3.141592653589793	0.0	0.0	0.0
-2.889427738821315	0.0	3.141592653589793	0.0	0.0	0.0
-2.86187538716956	0.0	3.141592653589793	0.0	0.0	0.0
-2.832830279215742	0.0	3.141592653589793	0.0	0.0	0.0
-2.802314941903168	0.0	3.141592653589793	0.0	0.0	0.0
-2.7703551006484406	0.0	3.141592653589793	0.0	0.0	0.0
-2.736979559850099	0.0	3.141592653589793	0.0	0.0	0.0
-2.7022200833972745	0.0	3.141592653589793	0.0	0.0	0.0
-2.6661112751783245	0.0	3.141592653589793	0.0	0.0	0.0
-2.6286904595894924	0.0	3.141592653589793	0.0	0.0	0.0
-2.5899975620435436	0.0	3.141592653589793	0.0	0.0	0.0
-2.550074989478422	0.0	3.141592653589793	0.0	0.0	0.0
-2.5089675108658867	0.0	3.141592653589793	0.0	0.0	0.0
-2.4667221377201654	0.0	3.141592653589793	0.0	0.0	0.0
-2.4233880046066005	0.0	3.141592653589793	0.0	0.0	0.0
-2.3790162496502942	0.0	3.141592653589793	0.0	0.0	0.0
-2.3336598950447547	0.0	3.141592653589793	0.0	0.0	0.0
-2.287373727560544	0.0	3.141592653589793	0.0	0.0	0.0
-2.2402141790539267	0.0	3.141592653589793	0.0	0.0	0.0
-2.1922392069755112	0.0	3.141592653589793	0.0	0.0	0.0
-2.1435081748789044	0.0	3.141592653589793	0.0	0.0	0.0
-2.094081732929346	0.0	3.141592653589793	0.0	0.0	0.0
-2.044021698412373	0.0	3.141592653589793	0.0	0.0	0.0
-1.9933909362424482	0.0	3.141592653589793	0.0	0.0	0.0
-1.9422532394716212	0.0	3.141592653589793	0.0	0.0	0.0
-1.8906732097981638	0.0	3.141592653589793	0.0	0.0	0.0
-1.8387161380752237	0.0	3.141592653589793	0.0	0.0	0.0
-1.7864478848194743	0.0	3.141592653589793	0.0	0.0	0.0
-1.7339347607197493	0.0	3.141592653589793	0.0	0.0	0.0
-1.6812434071457023	0.0	3.141592653589793	0.0	0.0	0.0
-1.6284406766564457	0.0	3.141592653589793	0.0	0.0	0.0
-1.5755935135091967	0.0	3.141592653589793	0.0	0.0	0.0
-1.5227688341679346	0.0	3.141592653589793	0.0	0.0	0.0
-1.4700334078120314	0.0	3.141592653589793	0.0	0.0	0.0
-1.4174537368449187	0.0	3.141592653589793	0.0	0.0	0.0
-1.365095937402704	0.0	3.141592653589793	0.0	0.0	0.0
-1.313025619862858	0.0	3.141592653589793	0.0	0.0	0.0
-1.2613077693528196	0.0	3.141592653589793	0.0	0.0	0.0
-1.2100066262586826	0.0	3.141592653589793	0.0	0.0	0.0
-1.159185566733807	0.0	3.141592653589793	0.0	0.0	0.0
-1.1089069832074814	0.0	3.141592653589793	0.0	0.0	0.0
-1.0592321648935803	0.0	3.141592653589793	0.0	0.0	0.0
-1.0102211782991968	0.0	3.141592653589793	0.0	0.0	0.0
-0.9619327477332753	0.0	3.141592653589793	0.0	0.0	0.0
-0.9144241358153042	0.0	3.141592653589793	0.0	0.0	0.0
-0.8677510239839101	0.0	3.141592653589793	0.0	0.0	0.0
-0.8219673930055462	0.0	3.141592653589793	0.0	0.0	0.0
-0.7771254034830992	0.0	3.141592653589793	0.0	0.0	0.0
-0.7332752763645818	0.0	3.141592653589793	0.0	0.0	0.0
-0.6904651734517397	0.0	3.141592653589793	0.0	0.0	0.0
-0.6487410779087197	0.0	3.141592653589793	0.0	0.0	0.0
-0.6081466747707038	0.0	3.141592653589793	0.0	0.0	0.0
-0.5687232314525801	0.0	3.141592653589793	0.0	0.0	0.0
-0.5305094782575539	0.0	3.141592653589793	0.0	0.0	0.0
-0.49354148888583005	0.0	3.141592653589793	0.0	0.0	0.0
-0.4578525609432189	0.0	3.141592653589793	0.0	0.0	0.0
-0.42347309644982545	0.0	3.141592653589793	0.0	0.0	0.0
-0.3904304823486715	0.0	3.141592653589793	0.0	0.0	0.0
-0.3587489710143572	0.0	3.141592653589793	0.0	0.0	0.0
-0.3284495607616851	0.0	3.141592653589793	0.0	0.0	0.0
-0.2995498763543232	0.0	3.141592653589793	0.0	0.0	0.0
-0.2720640495134621	0.0	3.141592653589793	0.0	0.0	0.0
-0.24600259942642033	0.0	3.141592653589793	0.0	0.0	0.0
-0.22137231325534934	0.0	3.141592653589793	0.0	0.0	0.0
-0.19817612664583883	0.0	3.141592653589793	0.0	0.0	0.0
-0.17641300423557205	0.0	3.141592653589793	0.0	0.0	0.0
-0.15607782016296312	0.0	3.141592653589793	0.0	0.0	0.0
-0.13716123857586737	0.0	3.141592653589793	0.0	0.0	0.0
-0.11964959414008547	0.0	3.141592653589793	0.0	0.0	0.0
-0.10352477254820514	0.0	3.141592653589793	0.0	0.0	0.0
-0.08876409102807159	0.0	3.141592653589793	0.0	0.0	0.0
-0.07534017885153332	0.0	3.141592653589793	0.0	0.0	0.0
-0.06322085784304221	0.0	3.141592653589793	0.0	0.0	0.0
-0.05236902288834955	0.0	3.141592653589793	0.0	0.0	0.0
-0.04274252244312038	0.0	3.141592653589793	0.0	0.0	0.0
-0.03429403904155848	0.0	3.141592653589793	0.0	0.0	0.0
-0.02697096980509528	0.0	3.141592653589793	0.0	0.0	0.0
-0.020715306951021972	0.0	3.141592653589793	0.0	0.0	0.0
-0.015463518301110923	0.0	3.141592653589793	0.0	0.0	0.0
-0.01114642779032593	0.0	3.141592653589793	0.0	0.0	0.0
-0.0076890959753690424	0.0	3.141592653589793	0.0	0.0	0.0
-0.005010700543458313	0.0	3.141592653589793	0.0	0.0	0.0
-0.0030244168208461986	0.0	3.141592653589793	0.0	0.0	0.0
-0.0016372982815475723	0.0	3.141592653589793	0.0	0.0	0.0
-0.000750157055957601	0.0	3.141592653589793	0.0	0.0	0.0
-0.00025744443947317563	0.0	3.141592653589793	0.0	0.0	0.0
-4.7131401238686976e-05	0.0	3.141592653589793	0.0	0.0	0.0
-5.890926537688301e-07	0.0	3.141592653589793	0.0	0.0	0.0
