0.0         0.0         4.71238898038         0.0         0.0         0.0  1.399999976158142  -1.2000000476837158  2.9000000953674316  2.0  1.0  -0.10000000149011612
3.1415         0.0         3.1415         0.0         0.0         0.0 -0.6000000238418579  0.5  1.0  1.7000000476837158  0.8999999761581421  -0.10000000149011612
0.0         0.0         1.57079632679         0.0         0.0         0.0 -3.299999952316284  -3.200000047683716  3.0  0.800000011920929  0.699999988079071  -0.10000000149011612
2.356125         0.25         3.1415         0.0         0.0         0.0 -7.599999904632568  4.699999809265137  0.800000011920929  1.7999999523162842  0.8999999761581421  -0.10000000149011612
0.0         0.0         0.78539816339         0.0         0.0         0.0 1.7999999523162842  -2.0999999046325684  1.5  -0.8999999761581421  0.699999988079071  -0.20000000298023224
2.356125         0.76         3.1415         0.0         0.0         0.0 -9.899999618530273  14.399999618530273  1.0  1.100000023841858  0.800000011920929  -0.20000000298023224
0.0         0.0         2.09439510239         0.0         0.0         0.0 2.5999999046325684  -1.600000023841858  2.0  0.800000011920929  0.800000011920929  -0.10000000149011612
3.1415         0.0         4.71225         0.0         0.0         0.0 -3.0999999046325684  2.299999952316284  2.700000047683716  2.200000047683716  1.0  -0.10000000149011612
0.0         0.78539816339         4.71238898038         0.0         0.0         0.0 3.799999952316284  10.300000190734863  1.7999999523162842  2.4000000953674316  1.100000023841858  -0.20000000298023224
3.1415         0.0         1.57075         0.0         0.0         0.0 1.600000023841858  0.6000000238418579  2.9000000953674316  -0.8999999761581421  0.699999988079071  -0.20000000298023224
3.1415         0.0         1.9         0.0         0.0         0.0 1.399999976158142  0.800000011920929  2.299999952316284  0.8999999761581421  0.699999988079071  -0.10000000149011612
3.1415         0.0         3.1415         3.1415         0.0         0.0 -1.399999976158142  3.0999999046325684  1.0  1.899999976158142  0.8999999761581421  -0.20000000298023224
3.1415         0.0         3.1415         0.0         -3.1415         0.0 -1.399999976158142  2.200000047683716  0.30000001192092896  1.7999999523162842  1.2000000476837158  -0.10000000149011612
0.0         1.0471975512         4.71238898038         0.0         0.0         0.0 -5.300000190734863  16.700000762939453  0.800000011920929  2.0  0.8999999761581421  -0.10000000149011612
0.0         0.52359877559         3.1415         0.0         0.0         0.0 -5.400000095367432  8.0  1.2999999523162842  1.2000000476837158  0.800000011920929  0.10000000149011612
0.0         0.52359877559         4.71238898038         0.0         0.0         0.0 -1.399999976158142  8.899999618530273  2.200000047683716  2.299999952316284  1.100000023841858  -0.20000000298023224
0.0         0.52359877559         1.57079632679         0.78539816339         3.0         0.0 -5.400000095367432  7.900000095367432  2.5  0.800000011920929  0.6000000238418579  -0.20000000298023224
1.57075         -1.57075         3.141592653589793         0.0         0.0         0.0 -10.899999618530273  10.699999809265137  3.9000000953674316  1.7000000476837158  1.0  -0.10000000149011612
1.57075         -1.57075         1.57075         0.0         0.0         0.0 -9.5  8.899999618530273  1.7999999523162842  1.600000023841858  1.0  -0.10000000149011612
1.57075         1.57075         4.71238898038         0.0         0.0         0.0 -8.899999618530273  19.899999618530273  -2.799999952316284  1.600000023841858  1.0  -0.10000000149011612
