0.0, 0.0, -0.0, 0.0, 0.0, 0.0, 0.0, 0.0, 0.0, 0.0, 0.0, 0.0, 0.0, 0.0, 0.0, 0.0, 0.0, 0.0, 0.0, 0.0, 0.0, 0.0, 0.0, 0.0, 
0.0, 0.0, 0.0, 0.0, 0.0, -9.81, 0.0, 0.0, 0.0, -9.81, 0.0, 0.0, 0.0, -9.81, 0.0, 0.0, 0.0, -9.81, 0.0, 0.0, 0.0, -9.81, 0.0, 0.0, 
0.0, 0.0, 0.0, 0.0, 0.0, 0.0, 0.0, 0.0, 0.0, 9.81, 0.0, 0.0, 0.0, 9.81, 0.0, 0.0, 0.0, 9.81, 0.0, 0.0, 0.0, 9.81, 0.0, 0.0, 
0.0, 0.0, 0.0, 0.0, 0.0, 0.0, 0.0, 0.0, 0.0, 0.0, 0.0, 0.0, 0.0, 0.0, -0.0, 0.0, 0.0, 0.0, 0.0, 0.0, 0.0, 0.0, 0.0, 0.0, 
0.0, 0.0, 0.0, 0.0, 0.0, 0.0, 0.0, 0.0, 0.0, 0.0, 0.0, 0.0, 0.0, 0.0, 0.0, 0.0, 0.0, 9.81, 0.0, 0.0, 0.0, 9.81, 0.0, 0.0, 
0.0, 0.0, 0.0, 0.0, 0.0, 0.0, 0.0, 0.0, 0.0, 0.0, 0.0, 0.0, 0.0, 0.0, 0.0, 0.0, 0.0, 0.0, 0.0, 0.0, 0.0, 0.0, -0.0, 0.0, 
0.0, 0.0, -0.0, 0.0, 0.0, 0.0, 0.0, 0.0, 0.0, 0.0, 0.0, 0.0, 0.0, 0.0, 0.0, 0.0, 0.0, 0.0, 0.0, 0.0, 0.0, 0.0, 0.0, 0.0, 
0.0, 0.0, 0.0, 0.0, 0.0, -9.81, 0.0, 0.0, 0.0, -9.81, 0.0, 0.0, 0.0, -9.81, 0.0, 0.0, 0.0, -9.81, 0.0, 0.0, 0.0, -9.81, 0.0, 0.0, 
0.0, 0.0, 0.0, 0.0, 0.0, 0.0, 0.0, 0.0, 0.0, 9.81, 0.0, 0.0, 0.0, 9.81, 0.0, 0.0, 0.0, 9.81, 0.0, 0.0, 0.0, 9.81, 0.0, 0.0, 
0.0, 0.0, 0.0, 0.0, 0.0, 0.0, 0.0, 0.0, 0.0, 0.0, 0.0, 0.0, 0.0, 0.0, -0.0, 0.0, 0.0, 0.0, 0.0, 0.0, 0.0, 0.0, 0.0, 0.0, 
0.0, 0.0, 0.0, 0.0, 0.0, 0.0, 0.0, 0.0, 0.0, 0.0, 0.0, 0.0, 0.0, 0.0, 0.0, 0.0, 0.0, 9.81, 0.0, 0.0, 0.0, 9.81, 0.0, 0.0, 
0.0, 0.0, 0.0, 0.0, 0.0, 0.0, 0.0, 0.0, 0.0, 0.0, 0.0, 0.0, 0.0, 0.0, 0.0, 0.0, 0.0, 0.0, 0.0, 0.0, 0.0, 0.0, -0.0, 0.0, 
0.0, 0.0, -0.0, 0.0, 0.0, 0.0, 0.0, 0.0, 0.0, 0.0, 0.0, 0.0, 0.0, 0.0, 0.0, 0.0, 0.0, 0.0, 0.0, 0.0, 0.0, 0.0, 0.0, 0.0, 
0.0, 0.0, 0.0, 0.0, 0.0, -6.006892549817768e-16, 0.0, -9.81, -6.867, 9.81, 0.0, -1.2013785099635535e-15, -6.866999999999999, 9.81, 0.0, -1.2013785099635535e-15, -6.866999999999999, 9.81, 0.0, -1.2013785099635535e-15, -6.866999999999999, 9.81, 0.0, -1.2013785099635535e-15, 
0.0, 0.0, 0.0, 0.0, 0.0, 0.0, 0.0, 0.0, 0.0, -9.81, 0.0, 1.2013785099635535e-15, -6.006892549817768e-16, -9.81, 0.0, 1.2013785099635535e-15, -6.006892549817768e-16, -9.81, 0.0, 1.2013785099635535e-15, -6.006892549817768e-16, -9.81, 0.0, 1.2013785099635535e-15, 
0.0, 0.0, 0.0, 0.0, 0.0, 0.0, 0.0, 0.0, 0.0, 0.0, 0.0, 0.0, 0.0, 0.0, 1.2013785099635535e-15, 0.0, 1.9462331861409567e-16, 0.0, 1.2013785099635535e-15, 0.0, 1.9462331861409567e-16, 0.0, 1.2013785099635535e-15, 0.0, 
0.0, 0.0, 0.0, 0.0, 0.0, 0.0, 0.0, 0.0, 0.0, 0.0, 0.0, 0.0, 0.0, 0.0, 0.0, 0.0, 0.0, -9.81, 0.0, 1.2013785099635535e-15, 0.0, -9.81, 0.0, 1.2013785099635535e-15, 
0.0, 0.0, 0.0, 0.0, 0.0, 0.0, 0.0, 0.0, 0.0, 0.0, 0.0, 0.0, 0.0, 0.0, 0.0, 0.0, 0.0, 0.0, 0.0, 0.0, 0.0, 0.0, 1.2013785099635535e-15, 0.0, 
0.0, 0.0, -0.0, 0.0, 0.0, 0.0, 0.0, 0.0, 0.0, 0.0, 0.0, 0.0, 0.0, 0.0, 0.0, 0.0, 0.0, 0.0, 0.0, 0.0, 0.0, 0.0, 0.0, 0.0, 
0.0, 0.0, 0.0, 0.0, 0.0, -9.81, 0.0, 0.0, 0.0, -6.006892549817768e-16, 0.0, -9.81, 4.905, -6.006892549817768e-16, 0.0, -9.81, 4.905, -6.006892549817768e-16, 0.0, -9.81, 4.905, -6.006892549817768e-16, 0.0, -9.81, 
0.0, 0.0, 0.0, 0.0, 0.0, 0.0, 0.0, 0.0, 0.0, 6.006892549817768e-16, 0.0, 9.81, -4.905, 6.006892549817768e-16, 0.0, 9.81, -4.905, 6.006892549817768e-16, 0.0, 9.81, -4.905, 6.006892549817768e-16, 0.0, 9.81, 
0.0, 0.0, 0.0, 0.0, 0.0, 0.0, 0.0, 0.0, 0.0, 0.0, 0.0, 0.0, 0.0, 0.0, 9.81, 0.0, 1.58922, 0.0, 9.81, 0.0, 1.58922, 0.0, 9.81, 0.0, 
0.0, 0.0, 0.0, 0.0, 0.0, 0.0, 0.0, 0.0, 0.0, 0.0, 0.0, 0.0, 0.0, 0.0, 0.0, 0.0, 0.0, 6.006892549817768e-16, 0.0, 9.81, 0.0, 6.006892549817768e-16, 0.0, 9.81, 
0.0, 0.0, 0.0, 0.0, 0.0, 0.0, 0.0, 0.0, 0.0, 0.0, 0.0, 0.0, 0.0, 0.0, 0.0, 0.0, 0.0, 0.0, 0.0, 0.0, 0.0, 0.0, 9.81, 0.0, 
0.0, 0.0, -0.0, 0.0, 0.0, 0.0, 0.0, 0.0, 0.0, 0.0, 0.0, 0.0, 0.0, 0.0, 0.0, 0.0, 0.0, 0.0, 0.0, 0.0, 0.0, 0.0, 0.0, 0.0, 
0.0, 0.0, 0.0, 0.0, 0.0, -9.81, 0.0, 0.0, 0.0, -6.006892549817768e-16, 0.0, 9.81, -4.905, -6.006892549817768e-16, 0.0, 9.81, -4.905, -6.006892549817768e-16, 0.0, 9.81, -4.905, -6.006892549817768e-16, 0.0, 9.81, 
0.0, 0.0, 0.0, 0.0, 0.0, 0.0, 0.0, 0.0, 0.0, 6.006892549817768e-16, 0.0, -9.81, 4.905, 6.006892549817768e-16, 0.0, -9.81, 4.905, 6.006892549817768e-16, 0.0, -9.81, 4.905, 6.006892549817768e-16, 0.0, -9.81, 
0.0, 0.0, 0.0, 0.0, 0.0, 0.0, 0.0, 0.0, 0.0, 0.0, 0.0, 0.0, 0.0, 0.0, -9.81, 0.0, -1.58922, 0.0, -9.81, 0.0, -1.58922, 0.0, -9.81, 0.0, 
0.0, 0.0, 0.0, 0.0, 0.0, 0.0, 0.0, 0.0, 0.0, 0.0, 0.0, 0.0, 0.0, 0.0, 0.0, 0.0, 0.0, 6.006892549817768e-16, 0.0, -9.81, 0.0, 6.006892549817768e-16, 0.0, -9.81, 
0.0, 0.0, 0.0, 0.0, 0.0, 0.0, 0.0, 0.0, 0.0, 0.0, 0.0, 0.0, 0.0, 0.0, 0.0, 0.0, 0.0, 0.0, 0.0, 0.0, 0.0, 0.0, -9.81, 0.0, 
0.0, 0.0, -0.0, 0.0, 0.0, 0.0, 0.0, 0.0, 0.0, 0.0, 0.0, 0.0, 0.0, 0.0, 0.0, 0.0, 0.0, 0.0, 0.0, 0.0, 0.0, 0.0, 0.0, 0.0, 
0.0, 0.0, 0.0, 0.0, 0.0, -9.81, 0.0, 0.0, 0.0, -6.9367175234400325, 0.0, -6.936717523440031, 3.4683587617200153, -6.9367175234400325, 0.0, -6.936717523440031, 3.4683587617200153, -6.9367175234400325, 0.0, -6.936717523440031, 3.4683587617200153, -6.9367175234400325, 0.0, -6.936717523440031, 
0.0, 0.0, 0.0, 0.0, 0.0, 0.0, 0.0, 0.0, 0.0, 6.9367175234400325, 0.0, 6.936717523440031, -3.4683587617200153, 6.9367175234400325, 0.0, 6.936717523440031, -3.4683587617200153, 6.9367175234400325, 0.0, 6.936717523440031, -3.4683587617200153, 6.9367175234400325, 0.0, 6.936717523440031, 
0.0, 0.0, 0.0, 0.0, 0.0, 0.0, 0.0, 0.0, 0.0, 0.0, 0.0, 0.0, 0.0, 0.0, 6.936717523440031, 0.0, 1.123748238797285, 0.0, 6.936717523440031, 0.0, 1.123748238797285, 0.0, 6.936717523440031, 0.0, 
0.0, 0.0, 0.0, 0.0, 0.0, 0.0, 0.0, 0.0, 0.0, 0.0, 0.0, 0.0, 0.0, 0.0, 0.0, 0.0, 0.0, 6.9367175234400325, 0.0, 6.936717523440031, 0.0, 6.9367175234400325, 0.0, 6.936717523440031, 
0.0, 0.0, 0.0, 0.0, 0.0, 0.0, 0.0, 0.0, 0.0, 0.0, 0.0, 0.0, 0.0, 0.0, 0.0, 0.0, 0.0, 0.0, 0.0, 0.0, 0.0, 0.0, 6.936717523440031, 0.0, 
0.0, 0.0, -0.0, 0.0, 0.0, 0.0, 0.0, 0.0, 0.0, 0.0, 0.0, 0.0, 0.0, 0.0, 0.0, 0.0, 0.0, 0.0, 0.0, 0.0, 0.0, 0.0, 0.0, 0.0, 
0.0, 0.0, 0.0, 0.0, 0.0, -9.81, 0.0, 0.0, 0.0, -6.9367175234400325, 0.0, 6.936717523440031, -3.4683587617200153, -6.9367175234400325, 0.0, 6.936717523440031, -3.4683587617200153, -6.9367175234400325, 0.0, 6.936717523440031, -3.4683587617200153, -6.9367175234400325, 0.0, 6.936717523440031, 
0.0, 0.0, 0.0, 0.0, 0.0, 0.0, 0.0, 0.0, 0.0, 6.9367175234400325, 0.0, -6.936717523440031, 3.4683587617200153, 6.9367175234400325, 0.0, -6.936717523440031, 3.4683587617200153, 6.9367175234400325, 0.0, -6.936717523440031, 3.4683587617200153, 6.9367175234400325, 0.0, -6.936717523440031, 
0.0, 0.0, 0.0, 0.0, 0.0, 0.0, 0.0, 0.0, 0.0, 0.0, 0.0, 0.0, 0.0, 0.0, -6.936717523440031, 0.0, -1.123748238797285, 0.0, -6.936717523440031, 0.0, -1.123748238797285, 0.0, -6.936717523440031, 0.0, 
0.0, 0.0, 0.0, 0.0, 0.0, 0.0, 0.0, 0.0, 0.0, 0.0, 0.0, 0.0, 0.0, 0.0, 0.0, 0.0, 0.0, 6.9367175234400325, 0.0, -6.936717523440031, 0.0, 6.9367175234400325, 0.0, -6.936717523440031, 
0.0, 0.0, 0.0, 0.0, 0.0, 0.0, 0.0, 0.0, 0.0, 0.0, 0.0, 0.0, 0.0, 0.0, 0.0, 0.0, 0.0, 0.0, 0.0, 0.0, 0.0, 0.0, -6.936717523440031, 0.0, 
0.0, 0.0, -0.0, 0.0, 0.0, 0.0, 0.0, 0.0, 0.0, 0.0, 0.0, 0.0, 0.0, 0.0, 0.0, 0.0, -1.1102230246251565e-16, 0.0, 0.0, 0.0, -1.1102230246251565e-16, 0.0, 0.0, 0.0, 
0.0, 0.0, 0.0, 0.0, 0.0, -9.81, 0.0, 0.0, 0.0, 4.9049999999999985, 0.0, 8.495709211125344, -4.247854605562672, 4.9049999999999985, 0.0, 8.495709211125344, -4.247854605562672, 4.9049999999999985, 0.0, 8.495709211125344, -4.247854605562672, 4.9049999999999985, 0.0, 8.495709211125344, 
0.0, 0.0, 0.0, 0.0, 0.0, 0.0, 0.0, 0.0, 0.0, -4.9049999999999985, -0.0, -8.495709211125344, 4.247854605562672, -4.9049999999999985, -0.0, -8.495709211125344, 4.247854605562672, -4.9049999999999985, -0.0, -8.495709211125344, 4.247854605562672, -4.9049999999999985, -0.0, -8.495709211125344, 
0.0, 0.0, 0.0, 0.0, 0.0, 0.0, 0.0, 0.0, 0.0, 0.0, 0.0, 0.0, 0.0, 0.0, -8.495709211125344, 0.0, -1.3763048922023058, 0.0, -8.495709211125344, 0.0, -1.3763048922023058, 0.0, -8.495709211125344, 0.0, 
0.0, 0.0, 0.0, 0.0, 0.0, 0.0, 0.0, 0.0, 0.0, 0.0, 0.0, 0.0, 0.0, 0.0, 0.0, 0.0, 0.0, -4.9049999999999985, -0.0, -8.495709211125344, 0.0, -4.9049999999999985, -0.0, -8.495709211125344, 
0.0, 0.0, 0.0, 0.0, 0.0, 0.0, 0.0, 0.0, 0.0, 0.0, 0.0, 0.0, 0.0, 0.0, 0.0, 0.0, 0.0, 0.0, 0.0, 0.0, 0.0, 0.0, -8.495709211125344, 0.0, 
0.0, 0.0, -0.0, 0.0, 0.0, 0.0, 0.0, 0.0, 0.0, 0.0, 0.0, 0.0, 0.0, 0.0, 0.0, 0.0, 1.1102230246251565e-16, 0.0, 0.0, 0.0, 1.1102230246251565e-16, 0.0, 0.0, 0.0, 
0.0, 0.0, 0.0, 0.0, 0.0, -9.81, 0.0, 0.0, 0.0, 4.9049999999999985, 0.0, -8.495709211125344, 4.247854605562672, 4.9049999999999985, 0.0, -8.495709211125344, 4.247854605562672, 4.9049999999999985, 0.0, -8.495709211125344, 4.247854605562672, 4.9049999999999985, 0.0, -8.495709211125344, 
0.0, 0.0, 0.0, 0.0, 0.0, 0.0, 0.0, 0.0, 0.0, -4.9049999999999985, 0.0, 8.495709211125344, -4.247854605562672, -4.9049999999999985, 0.0, 8.495709211125344, -4.247854605562672, -4.9049999999999985, 0.0, 8.495709211125344, -4.247854605562672, -4.9049999999999985, 0.0, 8.495709211125344, 
0.0, 0.0, 0.0, 0.0, 0.0, 0.0, 0.0, 0.0, 0.0, 0.0, 0.0, 0.0, 0.0, 0.0, 8.495709211125344, 0.0, 1.3763048922023058, 0.0, 8.495709211125344, 0.0, 1.3763048922023058, 0.0, 8.495709211125344, 0.0, 
0.0, 0.0, 0.0, 0.0, 0.0, 0.0, 0.0, 0.0, 0.0, 0.0, 0.0, 0.0, 0.0, 0.0, 0.0, 0.0, 0.0, -4.9049999999999985, 0.0, 8.495709211125344, 0.0, -4.9049999999999985, 0.0, 8.495709211125344, 
0.0, 0.0, 0.0, 0.0, 0.0, 0.0, 0.0, 0.0, 0.0, 0.0, 0.0, 0.0, 0.0, 0.0, 0.0, 0.0, 0.0, 0.0, 0.0, 0.0, 0.0, 0.0, 8.495709211125344, 0.0, 
0.0, 0.0, -0.0, 0.0, 0.0, 0.0, 0.0, 0.0, 0.0, 0.0, 0.0, 0.0, 0.0, 0.0, 0.0, 0.0, 0.0, 0.0, 0.0, 0.0, 0.0, 0.0, 0.0, 0.0, 
0.0, 0.0, 0.0, 0.0, 0.0, -6.006892549817768e-16, 0.0, 9.81, 6.867, 9.81, 0.0, 1.2013785099635535e-15, 6.866999999999999, 9.81, 0.0, 1.2013785099635535e-15, 6.866999999999999, 9.81, 0.0, 1.2013785099635535e-15, 6.866999999999999, 9.81, 0.0, 1.2013785099635535e-15, 
0.0, 0.0, 0.0, 0.0, 0.0, 0.0, 0.0, 0.0, 0.0, -9.81, -0.0, -1.2013785099635535e-15, 6.006892549817768e-16, -9.81, -0.0, -1.2013785099635535e-15, 6.006892549817768e-16, -9.81, -0.0, -1.2013785099635535e-15, 6.006892549817768e-16, -9.81, -0.0, -1.2013785099635535e-15, 
0.0, 0.0, 0.0, 0.0, 0.0, 0.0, 0.0, 0.0, 0.0, 0.0, 0.0, 0.0, 0.0, 0.0, -1.2013785099635535e-15, 0.0, -1.9462331861409567e-16, 0.0, -1.2013785099635535e-15, 0.0, -1.9462331861409567e-16, 0.0, -1.2013785099635535e-15, 0.0, 
0.0, 0.0, 0.0, 0.0, 0.0, 0.0, 0.0, 0.0, 0.0, 0.0, 0.0, 0.0, 0.0, 0.0, 0.0, 0.0, 0.0, -9.81, -0.0, -1.2013785099635535e-15, 0.0, -9.81, -0.0, -1.2013785099635535e-15, 
0.0, 0.0, 0.0, 0.0, 0.0, 0.0, 0.0, 0.0, 0.0, 0.0, 0.0, 0.0, 0.0, 0.0, 0.0, 0.0, 0.0, 0.0, 0.0, 0.0, 0.0, 0.0, -1.2013785099635535e-15, 0.0, 
0.0, 0.0, -0.0, 0.0, 0.0, 0.0, 0.0, 0.0, 0.0, 0.0, 0.0, 0.0, 0.0, 0.0, 0.0, 0.0, 0.0, 0.0, 0.0, 0.0, 0.0, 0.0, 0.0, 0.0, 
0.0, 0.0, 0.0, 0.0, 0.0, -6.9367175234400325, 0.0, -6.936717523440031, -4.855702266408021, 6.936717523440031, 0.0, -6.9367175234400325, -1.3873435046880047, 6.936717523440031, 0.0, -6.9367175234400325, -1.3873435046880047, 6.936717523440031, 0.0, -6.9367175234400325, -1.3873435046880047, 6.936717523440031, 0.0, -6.9367175234400325, 
0.0, 0.0, 0.0, 0.0, 0.0, 0.0, 0.0, 0.0, 0.0, -6.936717523440031, 0.0, 6.9367175234400325, -3.4683587617200162, -6.936717523440031, 0.0, 6.9367175234400325, -3.4683587617200162, -6.936717523440031, 0.0, 6.9367175234400325, -3.4683587617200162, -6.936717523440031, 0.0, 6.9367175234400325, 
0.0, 0.0, 0.0, 0.0, 0.0, 0.0, 0.0, 0.0, 0.0, 0.0, 0.0, 0.0, 0.0, 0.0, 6.9367175234400325, 0.0, 1.1237482387972852, 0.0, 6.9367175234400325, 0.0, 1.1237482387972852, 0.0, 6.9367175234400325, 0.0, 
0.0, 0.0, 0.0, 0.0, 0.0, 0.0, 0.0, 0.0, 0.0, 0.0, 0.0, 0.0, 0.0, 0.0, 0.0, 0.0, 0.0, -6.936717523440031, 0.0, 6.9367175234400325, 0.0, -6.936717523440031, 0.0, 6.9367175234400325, 
0.0, 0.0, 0.0, 0.0, 0.0, 0.0, 0.0, 0.0, 0.0, 0.0, 0.0, 0.0, 0.0, 0.0, 0.0, 0.0, 0.0, 0.0, 0.0, 0.0, 0.0, 0.0, 6.9367175234400325, 0.0, 
0.0, 0.0, -0.0, 0.0, 0.0, 0.0, 0.0, 0.0, 0.0, 0.0, 0.0, 0.0, 0.0, 0.0, 0.0, 0.0, 0.0, 0.0, 0.0, 0.0, 0.0, 0.0, 0.0, 0.0, 
0.0, 0.0, 0.0, 0.0, 0.0, -6.9367175234400325, 0.0, -6.936717523440031, -4.855702266408021, -6.936717523440031, 0.0, 6.9367175234400325, -8.324061028128037, -6.936717523440031, 0.0, 6.9367175234400325, -8.324061028128037, -6.936717523440031, 0.0, 6.9367175234400325, -8.324061028128037, -6.936717523440031, 0.0, 6.9367175234400325, 
0.0, 0.0, 0.0, 0.0, 0.0, 0.0, 0.0, 0.0, 0.0, 6.936717523440031, 0.0, -6.9367175234400325, 3.4683587617200162, 6.936717523440031, 0.0, -6.9367175234400325, 3.4683587617200162, 6.936717523440031, 0.0, -6.9367175234400325, 3.4683587617200162, 6.936717523440031, 0.0, -6.9367175234400325, 
0.0, 0.0, 0.0, 0.0, 0.0, 0.0, 0.0, 0.0, 0.0, 0.0, 0.0, 0.0, 0.0, 0.0, -6.9367175234400325, 0.0, -1.1237482387972852, 0.0, -6.9367175234400325, 0.0, -1.1237482387972852, 0.0, -6.9367175234400325, 0.0, 
0.0, 0.0, 0.0, 0.0, 0.0, 0.0, 0.0, 0.0, 0.0, 0.0, 0.0, 0.0, 0.0, 0.0, 0.0, 0.0, 0.0, 6.936717523440031, 0.0, -6.9367175234400325, 0.0, 6.936717523440031, 0.0, -6.9367175234400325, 
0.0, 0.0, 0.0, 0.0, 0.0, 0.0, 0.0, 0.0, 0.0, 0.0, 0.0, 0.0, 0.0, 0.0, 0.0, 0.0, 0.0, 0.0, 0.0, 0.0, 0.0, 0.0, -6.9367175234400325, 0.0, 
0.0, 0.0, -0.0, 0.0, 0.0, 0.0, 0.0, 0.0, 0.0, 0.0, 0.0, 0.0, 0.0, 0.0, 0.0, 0.0, 0.0, 0.0, 0.0, 0.0, 0.0, 0.0, 0.0, 0.0, 
0.0, 0.0, 0.0, 0.0, 0.0, -6.9367175234400325, 0.0, -6.936717523440031, -4.855702266408022, -1.7763568394002505e-15, 0.0, -9.81, 0.04929773359197842, -1.7763568394002505e-15, 0.0, -9.81, 0.04929773359197842, -1.7763568394002505e-15, 0.0, -9.81, 0.04929773359197842, -1.7763568394002505e-15, 0.0, -9.81, 
0.0, 0.0, 0.0, 0.0, 0.0, 0.0, 0.0, 0.0, 0.0, 1.7763568394002505e-15, 0.0, 9.81, -4.905, 1.7763568394002505e-15, 0.0, 9.81, -4.905, 1.7763568394002505e-15, 0.0, 9.81, -4.905, 1.7763568394002505e-15, 0.0, 9.81, 
0.0, 0.0, 0.0, 0.0, 0.0, 0.0, 0.0, 0.0, 0.0, 0.0, 0.0, 0.0, 0.0, 0.0, 9.81, 0.0, 1.58922, 0.0, 9.81, 0.0, 1.58922, 0.0, 9.81, 0.0, 
0.0, 0.0, 0.0, 0.0, 0.0, 0.0, 0.0, 0.0, 0.0, 0.0, 0.0, 0.0, 0.0, 0.0, 0.0, 0.0, 0.0, 1.7763568394002505e-15, 0.0, 9.81, 0.0, 1.7763568394002505e-15, 0.0, 9.81, 
0.0, 0.0, 0.0, 0.0, 0.0, 0.0, 0.0, 0.0, 0.0, 0.0, 0.0, 0.0, 0.0, 0.0, 0.0, 0.0, 0.0, 0.0, 0.0, 0.0, 0.0, 0.0, 9.81, 0.0, 
0.0, 0.0, -0.0, 0.0, 0.0, 0.0, 0.0, 0.0, 0.0, 0.0, 0.0, 0.0, 0.0, 0.0, 0.0, 0.0, 0.0, 0.0, 0.0, 0.0, 0.0, 0.0, 0.0, 0.0, 
0.0, 0.0, 0.0, 0.0, 0.0, -6.9367175234400325, 0.0, -6.936717523440031, -4.855702266408021, -9.81, 0.0, 0.0, -4.855702266408021, -9.81, 0.0, 0.0, -4.855702266408021, -9.81, 0.0, 0.0, -4.855702266408021, -9.81, 0.0, 0.0, 
0.0, 0.0, 0.0, 0.0, 0.0, 0.0, 0.0, 0.0, 0.0, 9.81, 0.0, 0.0, 0.0, 9.81, 0.0, 0.0, 0.0, 9.81, 0.0, 0.0, 0.0, 9.81, 0.0, 0.0, 
0.0, 0.0, 0.0, 0.0, 0.0, 0.0, 0.0, 0.0, 0.0, 0.0, 0.0, 0.0, 0.0, 0.0, -0.0, 0.0, 0.0, 0.0, 0.0, 0.0, 0.0, 0.0, 0.0, 0.0, 
0.0, 0.0, 0.0, 0.0, 0.0, 0.0, 0.0, 0.0, 0.0, 0.0, 0.0, 0.0, 0.0, 0.0, 0.0, 0.0, 0.0, 9.81, 0.0, 0.0, 0.0, 9.81, 0.0, 0.0, 
0.0, 0.0, 0.0, 0.0, 0.0, 0.0, 0.0, 0.0, 0.0, 0.0, 0.0, 0.0, 0.0, 0.0, 0.0, 0.0, 0.0, 0.0, 0.0, 0.0, 0.0, 0.0, -0.0, 0.0, 
0.0, 0.0, -0.0, 0.0, 0.0, 0.0, 0.0, 0.0, 0.0, 0.0, 0.0, 0.0, 0.0, 0.0, 0.0, 0.0, 0.0, 0.0, 0.0, 0.0, 0.0, 0.0, 0.0, 0.0, 
0.0, 0.0, 0.0, 0.0, 0.0, -6.9367175234400325, 0.0, -6.936717523440031, -4.855702266408021, -2.5390148324557296, 0.0, 9.47573235589576, -9.5935684443559, -2.5390148324557296, 0.0, 9.47573235589576, -9.5935684443559, -2.5390148324557296, 0.0, 9.47573235589576, -9.5935684443559, -2.5390148324557296, 0.0, 9.47573235589576, 
0.0, 0.0, 0.0, 0.0, 0.0, 0.0, 0.0, 0.0, 0.0, 2.5390148324557296, 0.0, -9.47573235589576, 4.73786617794788, 2.5390148324557296, 0.0, -9.47573235589576, 4.73786617794788, 2.5390148324557296, 0.0, -9.47573235589576, 4.73786617794788, 2.5390148324557296, 0.0, -9.47573235589576, 
0.0, 0.0, 0.0, 0.0, 0.0, 0.0, 0.0, 0.0, 0.0, 0.0, 0.0, 0.0, 0.0, 0.0, -9.47573235589576, 0.0, -1.5350686416551131, 0.0, -9.47573235589576, 0.0, -1.5350686416551131, 0.0, -9.47573235589576, 0.0, 
0.0, 0.0, 0.0, 0.0, 0.0, 0.0, 0.0, 0.0, 0.0, 0.0, 0.0, 0.0, 0.0, 0.0, 0.0, 0.0, 0.0, 2.5390148324557296, 0.0, -9.47573235589576, 0.0, 2.5390148324557296, 0.0, -9.47573235589576, 
0.0, 0.0, 0.0, 0.0, 0.0, 0.0, 0.0, 0.0, 0.0, 0.0, 0.0, 0.0, 0.0, 0.0, 0.0, 0.0, 0.0, 0.0, 0.0, 0.0, 0.0, 0.0, -9.47573235589576, 0.0, 
0.0, 0.0, -0.0, 0.0, 0.0, 0.0, 0.0, 0.0, 0.0, 0.0, 0.0, 0.0, 0.0, 0.0, 0.0, 0.0, 0.0, 0.0, 0.0, 0.0, 0.0, 0.0, 0.0, 0.0, 
0.0, 0.0, 0.0, 0.0, 0.0, -6.9367175234400325, 0.0, -6.936717523440031, -4.855702266408021, 9.47573235589576, 0.0, -2.5390148324557313, -3.5861948501801555, 9.47573235589576, 0.0, -2.5390148324557313, -3.5861948501801555, 9.47573235589576, 0.0, -2.5390148324557313, -3.5861948501801555, 9.47573235589576, 0.0, -2.5390148324557313, 
0.0, 0.0, 0.0, 0.0, 0.0, 0.0, 0.0, 0.0, 0.0, -9.47573235589576, 0.0, 2.5390148324557313, -1.2695074162278657, -9.47573235589576, 0.0, 2.5390148324557313, -1.2695074162278657, -9.47573235589576, 0.0, 2.5390148324557313, -1.2695074162278657, -9.47573235589576, 0.0, 2.5390148324557313, 
0.0, 0.0, 0.0, 0.0, 0.0, 0.0, 0.0, 0.0, 0.0, 0.0, 0.0, 0.0, 0.0, 0.0, 2.5390148324557313, 0.0, 0.4113204028578285, 0.0, 2.5390148324557313, 0.0, 0.4113204028578285, 0.0, 2.5390148324557313, 0.0, 
0.0, 0.0, 0.0, 0.0, 0.0, 0.0, 0.0, 0.0, 0.0, 0.0, 0.0, 0.0, 0.0, 0.0, 0.0, 0.0, 0.0, -9.47573235589576, 0.0, 2.5390148324557313, 0.0, -9.47573235589576, 0.0, 2.5390148324557313, 
0.0, 0.0, 0.0, 0.0, 0.0, 0.0, 0.0, 0.0, 0.0, 0.0, 0.0, 0.0, 0.0, 0.0, 0.0, 0.0, 0.0, 0.0, 0.0, 0.0, 0.0, 0.0, 2.5390148324557313, 0.0, 
0.0, 0.0, -0.0, 0.0, 0.0, 0.0, 0.0, 0.0, 0.0, 0.0, 0.0, 0.0, 0.0, 0.0, 0.0, 0.0, -2.220446049250313e-16, 0.0, 0.0, 0.0, -2.220446049250313e-16, 0.0, 0.0, 0.0, 
0.0, 0.0, 0.0, 0.0, 0.0, -6.9367175234400325, 0.0, -6.936717523440031, -4.855702266408021, 6.936717523440032, 0.0, 6.936717523440032, -8.324061028128037, 6.936717523440032, 0.0, 6.936717523440032, -8.324061028128037, 6.936717523440032, 0.0, 6.936717523440032, -8.324061028128037, 6.936717523440032, 0.0, 6.936717523440032, 
0.0, 0.0, 0.0, 0.0, 0.0, 0.0, 0.0, 0.0, 0.0, -6.936717523440032, -0.0, -6.936717523440032, 3.468358761720016, -6.936717523440032, -0.0, -6.936717523440032, 3.468358761720016, -6.936717523440032, -0.0, -6.936717523440032, 3.468358761720016, -6.936717523440032, -0.0, -6.936717523440032, 
0.0, 0.0, 0.0, 0.0, 0.0, 0.0, 0.0, 0.0, 0.0, 0.0, 0.0, 0.0, 0.0, 0.0, -6.936717523440032, 0.0, -1.1237482387972852, 0.0, -6.936717523440032, 0.0, -1.1237482387972852, 0.0, -6.936717523440032, 0.0, 
0.0, 0.0, 0.0, 0.0, 0.0, 0.0, 0.0, 0.0, 0.0, 0.0, 0.0, 0.0, 0.0, 0.0, 0.0, 0.0, 0.0, -6.936717523440032, -0.0, -6.936717523440032, 0.0, -6.936717523440032, -0.0, -6.936717523440032, 
0.0, 0.0, 0.0, 0.0, 0.0, 0.0, 0.0, 0.0, 0.0, 0.0, 0.0, 0.0, 0.0, 0.0, 0.0, 0.0, 0.0, 0.0, 0.0, 0.0, 0.0, 0.0, -6.936717523440032, 0.0, 
0.0, 0.0, -0.0, 0.0, 0.0, 0.0, 0.0, 0.0, 0.0, 0.0, 0.0, 0.0, 0.0, 0.0, 0.0, 0.0, 0.0, 0.0, 0.0, 0.0, 0.0, 0.0, 0.0, 0.0, 
0.0, 0.0, 0.0, 0.0, 0.0, -6.9367175234400325, 0.0, 6.936717523440031, 4.855702266408021, -6.936717523440031, 0.0, -6.9367175234400325, 8.324061028128037, -6.936717523440031, 0.0, -6.9367175234400325, 8.324061028128037, -6.936717523440031, 0.0, -6.9367175234400325, 8.324061028128037, -6.936717523440031, 0.0, -6.9367175234400325, 
0.0, 0.0, 0.0, 0.0, 0.0, 0.0, 0.0, 0.0, 0.0, 6.936717523440031, 0.0, 6.9367175234400325, -3.4683587617200162, 6.936717523440031, 0.0, 6.9367175234400325, -3.4683587617200162, 6.936717523440031, 0.0, 6.9367175234400325, -3.4683587617200162, 6.936717523440031, 0.0, 6.9367175234400325, 
0.0, 0.0, 0.0, 0.0, 0.0, 0.0, 0.0, 0.0, 0.0, 0.0, 0.0, 0.0, 0.0, 0.0, 6.9367175234400325, 0.0, 1.1237482387972852, 0.0, 6.9367175234400325, 0.0, 1.1237482387972852, 0.0, 6.9367175234400325, 0.0, 
0.0, 0.0, 0.0, 0.0, 0.0, 0.0, 0.0, 0.0, 0.0, 0.0, 0.0, 0.0, 0.0, 0.0, 0.0, 0.0, 0.0, 6.936717523440031, 0.0, 6.9367175234400325, 0.0, 6.936717523440031, 0.0, 6.9367175234400325, 
0.0, 0.0, 0.0, 0.0, 0.0, 0.0, 0.0, 0.0, 0.0, 0.0, 0.0, 0.0, 0.0, 0.0, 0.0, 0.0, 0.0, 0.0, 0.0, 0.0, 0.0, 0.0, 6.9367175234400325, 0.0, 
0.0, 0.0, -0.0, 0.0, 0.0, 0.0, 0.0, 0.0, 0.0, 0.0, 0.0, 0.0, 0.0, 0.0, 0.0, 0.0, 0.0, 0.0, 0.0, 0.0, 0.0, 0.0, 0.0, 0.0, 
0.0, 0.0, 0.0, 0.0, 0.0, -6.9367175234400325, 0.0, 6.936717523440031, 4.855702266408021, 6.936717523440031, 0.0, 6.9367175234400325, 1.3873435046880047, 6.936717523440031, 0.0, 6.9367175234400325, 1.3873435046880047, 6.936717523440031, 0.0, 6.9367175234400325, 1.3873435046880047, 6.936717523440031, 0.0, 6.9367175234400325, 
0.0, 0.0, 0.0, 0.0, 0.0, 0.0, 0.0, 0.0, 0.0, -6.936717523440031, -0.0, -6.9367175234400325, 3.4683587617200162, -6.936717523440031, -0.0, -6.9367175234400325, 3.4683587617200162, -6.936717523440031, -0.0, -6.9367175234400325, 3.4683587617200162, -6.936717523440031, -0.0, -6.9367175234400325, 
0.0, 0.0, 0.0, 0.0, 0.0, 0.0, 0.0, 0.0, 0.0, 0.0, 0.0, 0.0, 0.0, 0.0, -6.9367175234400325, 0.0, -1.1237482387972852, 0.0, -6.9367175234400325, 0.0, -1.1237482387972852, 0.0, -6.9367175234400325, 0.0, 
0.0, 0.0, 0.0, 0.0, 0.0, 0.0, 0.0, 0.0, 0.0, 0.0, 0.0, 0.0, 0.0, 0.0, 0.0, 0.0, 0.0, -6.936717523440031, -0.0, -6.9367175234400325, 0.0, -6.936717523440031, -0.0, -6.9367175234400325, 
0.0, 0.0, 0.0, 0.0, 0.0, 0.0, 0.0, 0.0, 0.0, 0.0, 0.0, 0.0, 0.0, 0.0, 0.0, 0.0, 0.0, 0.0, 0.0, 0.0, 0.0, 0.0, -6.9367175234400325, 0.0, 
0.0, 0.0, -0.0, 0.0, 0.0, 0.0, 0.0, 0.0, 0.0, 0.0, 0.0, 0.0, 0.0, 0.0, 0.0, 0.0, 0.0, 0.0, 0.0, 0.0, 0.0, 0.0, 0.0, 0.0, 
0.0, 0.0, 0.0, 0.0, 0.0, -6.9367175234400325, 0.0, 6.936717523440031, 4.855702266408021, -9.81, 0.0, 0.0, 4.855702266408021, -9.81, 0.0, 0.0, 4.855702266408021, -9.81, 0.0, 0.0, 4.855702266408021, -9.81, 0.0, 0.0, 
0.0, 0.0, 0.0, 0.0, 0.0, 0.0, 0.0, 0.0, 0.0, 9.81, 0.0, 0.0, 0.0, 9.81, 0.0, 0.0, 0.0, 9.81, 0.0, 0.0, 0.0, 9.81, 0.0, 0.0, 
0.0, 0.0, 0.0, 0.0, 0.0, 0.0, 0.0, 0.0, 0.0, 0.0, 0.0, 0.0, 0.0, 0.0, -0.0, 0.0, 0.0, 0.0, 0.0, 0.0, 0.0, 0.0, 0.0, 0.0, 
0.0, 0.0, 0.0, 0.0, 0.0, 0.0, 0.0, 0.0, 0.0, 0.0, 0.0, 0.0, 0.0, 0.0, 0.0, 0.0, 0.0, 9.81, 0.0, 0.0, 0.0, 9.81, 0.0, 0.0, 
0.0, 0.0, 0.0, 0.0, 0.0, 0.0, 0.0, 0.0, 0.0, 0.0, 0.0, 0.0, 0.0, 0.0, 0.0, 0.0, 0.0, 0.0, 0.0, 0.0, 0.0, 0.0, -0.0, 0.0, 
0.0, 0.0, -0.0, 0.0, 0.0, 0.0, 0.0, 0.0, 0.0, 0.0, 0.0, 0.0, 0.0, 0.0, 0.0, 0.0, 0.0, 0.0, 0.0, 0.0, 0.0, 0.0, 0.0, 0.0, 
0.0, 0.0, 0.0, 0.0, 0.0, -6.9367175234400325, 0.0, 6.936717523440031, 4.855702266408022, -1.7763568394002505e-15, 0.0, 9.81, -0.04929773359197842, -1.7763568394002505e-15, 0.0, 9.81, -0.04929773359197842, -1.7763568394002505e-15, 0.0, 9.81, -0.04929773359197842, -1.7763568394002505e-15, 0.0, 9.81, 
0.0, 0.0, 0.0, 0.0, 0.0, 0.0, 0.0, 0.0, 0.0, 1.7763568394002505e-15, 0.0, -9.81, 4.905, 1.7763568394002505e-15, 0.0, -9.81, 4.905, 1.7763568394002505e-15, 0.0, -9.81, 4.905, 1.7763568394002505e-15, 0.0, -9.81, 
0.0, 0.0, 0.0, 0.0, 0.0, 0.0, 0.0, 0.0, 0.0, 0.0, 0.0, 0.0, 0.0, 0.0, -9.81, 0.0, -1.58922, 0.0, -9.81, 0.0, -1.58922, 0.0, -9.81, 0.0, 
0.0, 0.0, 0.0, 0.0, 0.0, 0.0, 0.0, 0.0, 0.0, 0.0, 0.0, 0.0, 0.0, 0.0, 0.0, 0.0, 0.0, 1.7763568394002505e-15, 0.0, -9.81, 0.0, 1.7763568394002505e-15, 0.0, -9.81, 
0.0, 0.0, 0.0, 0.0, 0.0, 0.0, 0.0, 0.0, 0.0, 0.0, 0.0, 0.0, 0.0, 0.0, 0.0, 0.0, 0.0, 0.0, 0.0, 0.0, 0.0, 0.0, -9.81, 0.0, 
0.0, 0.0, -0.0, 0.0, 0.0, 0.0, 0.0, 0.0, 0.0, 0.0, 0.0, 0.0, 0.0, 0.0, 0.0, 0.0, 0.0, 0.0, 0.0, 0.0, 0.0, 0.0, 0.0, 0.0, 
0.0, 0.0, 0.0, 0.0, 0.0, -6.9367175234400325, 0.0, 6.936717523440031, 4.855702266408021, 9.47573235589576, 0.0, 2.5390148324557313, 3.5861948501801555, 9.47573235589576, 0.0, 2.5390148324557313, 3.5861948501801555, 9.47573235589576, 0.0, 2.5390148324557313, 3.5861948501801555, 9.47573235589576, 0.0, 2.5390148324557313, 
0.0, 0.0, 0.0, 0.0, 0.0, 0.0, 0.0, 0.0, 0.0, -9.47573235589576, -0.0, -2.5390148324557313, 1.2695074162278657, -9.47573235589576, -0.0, -2.5390148324557313, 1.2695074162278657, -9.47573235589576, -0.0, -2.5390148324557313, 1.2695074162278657, -9.47573235589576, -0.0, -2.5390148324557313, 
0.0, 0.0, 0.0, 0.0, 0.0, 0.0, 0.0, 0.0, 0.0, 0.0, 0.0, 0.0, 0.0, 0.0, -2.5390148324557313, 0.0, -0.4113204028578285, 0.0, -2.5390148324557313, 0.0, -0.4113204028578285, 0.0, -2.5390148324557313, 0.0, 
0.0, 0.0, 0.0, 0.0, 0.0, 0.0, 0.0, 0.0, 0.0, 0.0, 0.0, 0.0, 0.0, 0.0, 0.0, 0.0, 0.0, -9.47573235589576, -0.0, -2.5390148324557313, 0.0, -9.47573235589576, -0.0, -2.5390148324557313, 
0.0, 0.0, 0.0, 0.0, 0.0, 0.0, 0.0, 0.0, 0.0, 0.0, 0.0, 0.0, 0.0, 0.0, 0.0, 0.0, 0.0, 0.0, 0.0, 0.0, 0.0, 0.0, -2.5390148324557313, 0.0, 
0.0, 0.0, -0.0, 0.0, 0.0, 0.0, 0.0, 0.0, 0.0, 0.0, 0.0, 0.0, 0.0, 0.0, 0.0, 0.0, 0.0, 0.0, 0.0, 0.0, 0.0, 0.0, 0.0, 0.0, 
0.0, 0.0, 0.0, 0.0, 0.0, -6.9367175234400325, 0.0, 6.936717523440031, 4.855702266408021, -2.5390148324557296, 0.0, -9.47573235589576, 9.5935684443559, -2.5390148324557296, 0.0, -9.47573235589576, 9.5935684443559, -2.5390148324557296, 0.0, -9.47573235589576, 9.5935684443559, -2.5390148324557296, 0.0, -9.47573235589576, 
0.0, 0.0, 0.0, 0.0, 0.0, 0.0, 0.0, 0.0, 0.0, 2.5390148324557296, 0.0, 9.47573235589576, -4.73786617794788, 2.5390148324557296, 0.0, 9.47573235589576, -4.73786617794788, 2.5390148324557296, 0.0, 9.47573235589576, -4.73786617794788, 2.5390148324557296, 0.0, 9.47573235589576, 
0.0, 0.0, 0.0, 0.0, 0.0, 0.0, 0.0, 0.0, 0.0, 0.0, 0.0, 0.0, 0.0, 0.0, 9.47573235589576, 0.0, 1.5350686416551131, 0.0, 9.47573235589576, 0.0, 1.5350686416551131, 0.0, 9.47573235589576, 0.0, 
0.0, 0.0, 0.0, 0.0, 0.0, 0.0, 0.0, 0.0, 0.0, 0.0, 0.0, 0.0, 0.0, 0.0, 0.0, 0.0, 0.0, 2.5390148324557296, 0.0, 9.47573235589576, 0.0, 2.5390148324557296, 0.0, 9.47573235589576, 
0.0, 0.0, 0.0, 0.0, 0.0, 0.0, 0.0, 0.0, 0.0, 0.0, 0.0, 0.0, 0.0, 0.0, 0.0, 0.0, 0.0, 0.0, 0.0, 0.0, 0.0, 0.0, 9.47573235589576, 0.0, 
0.0, 0.0, -0.0, 0.0, 0.0, 0.0, 0.0, 0.0, 0.0, 0.0, 0.0, 0.0, 0.0, 0.0, 0.0, 0.0, 0.0, 0.0, 0.0, 0.0, 0.0, 0.0, 0.0, 0.0, 
0.0, 0.0, 0.0, 0.0, 0.0, -6.9367175234400325, 0.0, 6.936717523440031, 4.855702266408021, 6.936717523440033, 0.0, -6.93671752344003, 8.324061028128035, 6.936717523440033, 0.0, -6.93671752344003, 8.324061028128035, 6.936717523440033, 0.0, -6.93671752344003, 8.324061028128035, 6.936717523440033, 0.0, -6.93671752344003, 
0.0, 0.0, 0.0, 0.0, 0.0, 0.0, 0.0, 0.0, 0.0, -6.936717523440033, 0.0, 6.93671752344003, -3.468358761720015, -6.936717523440033, 0.0, 6.93671752344003, -3.468358761720015, -6.936717523440033, 0.0, 6.93671752344003, -3.468358761720015, -6.936717523440033, 0.0, 6.93671752344003, 
0.0, 0.0, 0.0, 0.0, 0.0, 0.0, 0.0, 0.0, 0.0, 0.0, 0.0, 0.0, 0.0, 0.0, 6.93671752344003, 0.0, 1.1237482387972848, 0.0, 6.93671752344003, 0.0, 1.1237482387972848, 0.0, 6.93671752344003, 0.0, 
0.0, 0.0, 0.0, 0.0, 0.0, 0.0, 0.0, 0.0, 0.0, 0.0, 0.0, 0.0, 0.0, 0.0, 0.0, 0.0, 0.0, -6.936717523440033, 0.0, 6.93671752344003, 0.0, -6.936717523440033, 0.0, 6.93671752344003, 
0.0, 0.0, 0.0, 0.0, 0.0, 0.0, 0.0, 0.0, 0.0, 0.0, 0.0, 0.0, 0.0, 0.0, 0.0, 0.0, 0.0, 0.0, 0.0, 0.0, 0.0, 0.0, 6.93671752344003, 0.0, 
0.0, 0.0, -0.0, 0.0, 0.0, 0.0, 0.0, 0.0, 0.0, 0.0, 0.0, 0.0, 0.0, 0.0, 0.0, 0.0, 0.0, 0.0, 0.0, 0.0, 0.0, 0.0, 0.0, 0.0, 
0.0, 0.0, 0.0, 0.0, 0.0, -4.905000000000001, 0.0, 8.495709211125343, 5.94699644778774, 4.905000000000002, 0.0, -8.495709211125343, 10.194851053350412, 4.905000000000002, 0.0, -8.495709211125343, 10.194851053350412, 4.905000000000002, 0.0, -8.495709211125343, 10.194851053350412, 4.905000000000002, 0.0, -8.495709211125343, 
0.0, 0.0, 0.0, 0.0, 0.0, 0.0, 0.0, 0.0, 0.0, -4.905000000000002, 0.0, 8.495709211125343, -4.247854605562671, -4.905000000000002, 0.0, 8.495709211125343, -4.247854605562671, -4.905000000000002, 0.0, 8.495709211125343, -4.247854605562671, -4.905000000000002, 0.0, 8.495709211125343, 
0.0, 0.0, 0.0, 0.0, 0.0, 0.0, 0.0, 0.0, 0.0, 0.0, 0.0, 0.0, 0.0, 0.0, 8.495709211125343, 0.0, 1.3763048922023056, 0.0, 8.495709211125343, 0.0, 1.3763048922023056, 0.0, 8.495709211125343, 0.0, 
0.0, 0.0, 0.0, 0.0, 0.0, 0.0, 0.0, 0.0, 0.0, 0.0, 0.0, 0.0, 0.0, 0.0, 0.0, 0.0, 0.0, -4.905000000000002, 0.0, 8.495709211125343, 0.0, -4.905000000000002, 0.0, 8.495709211125343, 
0.0, 0.0, 0.0, 0.0, 0.0, 0.0, 0.0, 0.0, 0.0, 0.0, 0.0, 0.0, 0.0, 0.0, 0.0, 0.0, 0.0, 0.0, 0.0, 0.0, 0.0, 0.0, 8.495709211125343, 0.0, 
0.0, 0.0, -0.0, 0.0, 0.0, 0.0, 0.0, 0.0, 0.0, 0.0, 0.0, 0.0, 0.0, 0.0, 0.0, 0.0, 0.0, 0.0, 0.0, 0.0, 0.0, 0.0, 0.0, 0.0, 
0.0, 0.0, 0.0, 0.0, 0.0, -4.905000000000001, 0.0, 8.495709211125343, 5.94699644778774, -8.495709211125343, 0.0, -4.905, 8.39949644778774, -8.495709211125343, 0.0, -4.905, 8.39949644778774, -8.495709211125343, 0.0, -4.905, 8.39949644778774, -8.495709211125343, 0.0, -4.905, 
0.0, 0.0, 0.0, 0.0, 0.0, 0.0, 0.0, 0.0, 0.0, 8.495709211125343, 0.0, 4.905, -2.4525, 8.495709211125343, 0.0, 4.905, -2.4525, 8.495709211125343, 0.0, 4.905, -2.4525, 8.495709211125343, 0.0, 4.905, 
0.0, 0.0, 0.0, 0.0, 0.0, 0.0, 0.0, 0.0, 0.0, 0.0, 0.0, 0.0, 0.0, 0.0, 4.905, 0.0, 0.79461, 0.0, 4.905, 0.0, 0.79461, 0.0, 4.905, 0.0, 
0.0, 0.0, 0.0, 0.0, 0.0, 0.0, 0.0, 0.0, 0.0, 0.0, 0.0, 0.0, 0.0, 0.0, 0.0, 0.0, 0.0, 8.495709211125343, 0.0, 4.905, 0.0, 8.495709211125343, 0.0, 4.905, 
0.0, 0.0, 0.0, 0.0, 0.0, 0.0, 0.0, 0.0, 0.0, 0.0, 0.0, 0.0, 0.0, 0.0, 0.0, 0.0, 0.0, 0.0, 0.0, 0.0, 0.0, 0.0, 4.905, 0.0, 
0.0, 0.0, -0.0, 0.0, 0.0, 0.0, 0.0, 0.0, 0.0, 0.0, 0.0, 0.0, 0.0, 0.0, 0.0, 0.0, 1.1102230246251565e-16, 0.0, 0.0, 0.0, 1.1102230246251565e-16, 0.0, 0.0, 0.0, 
0.0, 0.0, 0.0, 0.0, 0.0, -4.905000000000001, 0.0, 8.495709211125343, 5.94699644778774, 8.495709211125343, 0.0, 4.905000000000002, 3.4944964477877387, 8.495709211125343, 0.0, 4.905000000000002, 3.4944964477877387, 8.495709211125343, 0.0, 4.905000000000002, 3.4944964477877387, 8.495709211125343, 0.0, 4.905000000000002, 
0.0, 0.0, 0.0, 0.0, 0.0, 0.0, 0.0, 0.0, 0.0, -8.495709211125343, -0.0, -4.905000000000002, 2.452500000000001, -8.495709211125343, -0.0, -4.905000000000002, 2.452500000000001, -8.495709211125343, -0.0, -4.905000000000002, 2.452500000000001, -8.495709211125343, -0.0, -4.905000000000002, 
0.0, 0.0, 0.0, 0.0, 0.0, 0.0, 0.0, 0.0, 0.0, 0.0, 0.0, 0.0, 0.0, 0.0, -4.905000000000002, 0.0, -0.7946100000000004, 0.0, -4.905000000000002, 0.0, -0.7946100000000004, 0.0, -4.905000000000002, 0.0, 
0.0, 0.0, 0.0, 0.0, 0.0, 0.0, 0.0, 0.0, 0.0, 0.0, 0.0, 0.0, 0.0, 0.0, 0.0, 0.0, 0.0, -8.495709211125343, -0.0, -4.905000000000002, 0.0, -8.495709211125343, -0.0, -4.905000000000002, 
0.0, 0.0, 0.0, 0.0, 0.0, 0.0, 0.0, 0.0, 0.0, 0.0, 0.0, 0.0, 0.0, 0.0, 0.0, 0.0, 0.0, 0.0, 0.0, 0.0, 0.0, 0.0, -4.905000000000002, 0.0, 
0.0, 0.0, -0.0, 0.0, 0.0, 0.0, 0.0, 0.0, 0.0, 0.0, 0.0, 0.0, 0.0, 0.0, 0.0, 0.0, -1.1102230246251565e-16, 0.0, 0.0, 0.0, -1.1102230246251565e-16, 0.0, 0.0, 0.0, 
0.0, 0.0, 0.0, 0.0, 0.0, -4.905000000000001, 0.0, 8.495709211125343, 5.94699644778774, -9.47573235589576, 0.0, 2.5390148324557282, 4.677489031559876, -9.47573235589576, 0.0, 2.5390148324557282, 4.677489031559876, -9.47573235589576, 0.0, 2.5390148324557282, 4.677489031559876, -9.47573235589576, 0.0, 2.5390148324557282, 
0.0, 0.0, 0.0, 0.0, 0.0, 0.0, 0.0, 0.0, 0.0, 9.47573235589576, 0.0, -2.5390148324557282, 1.2695074162278641, 9.47573235589576, 0.0, -2.5390148324557282, 1.2695074162278641, 9.47573235589576, 0.0, -2.5390148324557282, 1.2695074162278641, 9.47573235589576, 0.0, -2.5390148324557282, 
0.0, 0.0, 0.0, 0.0, 0.0, 0.0, 0.0, 0.0, 0.0, 0.0, 0.0, 0.0, 0.0, 0.0, -2.5390148324557282, 0.0, -0.411320402857828, 0.0, -2.5390148324557282, 0.0, -0.411320402857828, 0.0, -2.5390148324557282, 0.0, 
0.0, 0.0, 0.0, 0.0, 0.0, 0.0, 0.0, 0.0, 0.0, 0.0, 0.0, 0.0, 0.0, 0.0, 0.0, 0.0, 0.0, 9.47573235589576, 0.0, -2.5390148324557282, 0.0, 9.47573235589576, 0.0, -2.5390148324557282, 
0.0, 0.0, 0.0, 0.0, 0.0, 0.0, 0.0, 0.0, 0.0, 0.0, 0.0, 0.0, 0.0, 0.0, 0.0, 0.0, 0.0, 0.0, 0.0, 0.0, 0.0, 0.0, -2.5390148324557282, 0.0, 
0.0, 0.0, -0.0, 0.0, 0.0, 0.0, 0.0, 0.0, 0.0, 0.0, 0.0, 0.0, 0.0, 0.0, 0.0, 0.0, 0.0, 0.0, 0.0, 0.0, 0.0, 0.0, 0.0, 0.0, 
0.0, 0.0, 0.0, 0.0, 0.0, -4.905000000000001, 0.0, 8.495709211125343, 5.94699644778774, 2.539014832455727, 0.0, 9.475732355895762, 1.209130269839859, 2.539014832455727, 0.0, 9.475732355895762, 1.209130269839859, 2.539014832455727, 0.0, 9.475732355895762, 1.209130269839859, 2.539014832455727, 0.0, 9.475732355895762, 
0.0, 0.0, 0.0, 0.0, 0.0, 0.0, 0.0, 0.0, 0.0, -2.539014832455727, -0.0, -9.475732355895762, 4.737866177947881, -2.539014832455727, -0.0, -9.475732355895762, 4.737866177947881, -2.539014832455727, -0.0, -9.475732355895762, 4.737866177947881, -2.539014832455727, -0.0, -9.475732355895762, 
0.0, 0.0, 0.0, 0.0, 0.0, 0.0, 0.0, 0.0, 0.0, 0.0, 0.0, 0.0, 0.0, 0.0, -9.475732355895762, 0.0, -1.5350686416551134, 0.0, -9.475732355895762, 0.0, -1.5350686416551134, 0.0, -9.475732355895762, 0.0, 
0.0, 0.0, 0.0, 0.0, 0.0, 0.0, 0.0, 0.0, 0.0, 0.0, 0.0, 0.0, 0.0, 0.0, 0.0, 0.0, 0.0, -2.539014832455727, -0.0, -9.475732355895762, 0.0, -2.539014832455727, -0.0, -9.475732355895762, 
0.0, 0.0, 0.0, 0.0, 0.0, 0.0, 0.0, 0.0, 0.0, 0.0, 0.0, 0.0, 0.0, 0.0, 0.0, 0.0, 0.0, 0.0, 0.0, 0.0, 0.0, 0.0, -9.475732355895762, 0.0, 
0.0, 0.0, -0.0, 0.0, 0.0, 0.0, 0.0, 0.0, 0.0, 0.0, 0.0, 0.0, 0.0, 0.0, 0.0, 0.0, 0.0, 0.0, 0.0, 0.0, 0.0, 0.0, 0.0, 0.0, 
0.0, 0.0, 0.0, 0.0, 0.0, -4.905000000000001, 0.0, 8.495709211125343, 5.946996447787738, 9.809999999999999, 0.0, 3.552713678800501e-15, 5.946996447787736, 9.809999999999999, 0.0, 3.552713678800501e-15, 5.946996447787736, 9.809999999999999, 0.0, 3.552713678800501e-15, 5.946996447787736, 9.809999999999999, 0.0, 3.552713678800501e-15, 
0.0, 0.0, 0.0, 0.0, 0.0, 0.0, 0.0, 0.0, 0.0, -9.809999999999999, -0.0, -3.552713678800501e-15, 1.7763568394002505e-15, -9.809999999999999, -0.0, -3.552713678800501e-15, 1.7763568394002505e-15, -9.809999999999999, -0.0, -3.552713678800501e-15, 1.7763568394002505e-15, -9.809999999999999, -0.0, -3.552713678800501e-15, 
0.0, 0.0, 0.0, 0.0, 0.0, 0.0, 0.0, 0.0, 0.0, 0.0, 0.0, 0.0, 0.0, 0.0, -3.552713678800501e-15, 0.0, -5.755396159656812e-16, 0.0, -3.552713678800501e-15, 0.0, -5.755396159656812e-16, 0.0, -3.552713678800501e-15, 0.0, 
0.0, 0.0, 0.0, 0.0, 0.0, 0.0, 0.0, 0.0, 0.0, 0.0, 0.0, 0.0, 0.0, 0.0, 0.0, 0.0, 0.0, -9.809999999999999, -0.0, -3.552713678800501e-15, 0.0, -9.809999999999999, -0.0, -3.552713678800501e-15, 
0.0, 0.0, 0.0, 0.0, 0.0, 0.0, 0.0, 0.0, 0.0, 0.0, 0.0, 0.0, 0.0, 0.0, 0.0, 0.0, 0.0, 0.0, 0.0, 0.0, 0.0, 0.0, -3.552713678800501e-15, 0.0, 
0.0, 0.0, -0.0, 0.0, 0.0, 0.0, 0.0, 0.0, 0.0, 0.0, 8.881784197001252e-16, 0.0, 0.0, 0.0, 8.881784197001252e-16, 0.0, 2.220446049250313e-16, 0.0, 8.881784197001252e-16, 0.0, 2.220446049250313e-16, 0.0, 8.881784197001252e-16, 0.0, 
0.0, 0.0, 0.0, 0.0, 0.0, -4.905000000000001, 0.0, 8.495709211125343, 5.946996447787738, -4.905, 0.0, -8.495709211125343, 10.194851053350408, -4.905, 0.0, -8.495709211125343, 10.194851053350408, -4.905, 0.0, -8.495709211125343, 10.194851053350408, -4.905, 0.0, -8.495709211125343, 
0.0, 0.0, 0.0, 0.0, 0.0, 0.0, 0.0, 0.0, 0.0, 4.905, 0.0, 8.495709211125343, -4.247854605562671, 4.905, 0.0, 8.495709211125343, -4.247854605562671, 4.905, 0.0, 8.495709211125343, -4.247854605562671, 4.905, 0.0, 8.495709211125343, 
0.0, 0.0, 0.0, 0.0, 0.0, 0.0, 0.0, 0.0, 0.0, 0.0, 0.0, 0.0, 0.0, 0.0, 8.495709211125343, 0.0, 1.3763048922023056, 0.0, 8.495709211125343, 0.0, 1.3763048922023056, 0.0, 8.495709211125343, 0.0, 
0.0, 0.0, 0.0, 0.0, 0.0, 0.0, 0.0, 0.0, 0.0, 0.0, 0.0, 0.0, 0.0, 0.0, 0.0, 0.0, 0.0, 4.905, 0.0, 8.495709211125343, 0.0, 4.905, 0.0, 8.495709211125343, 
0.0, 0.0, 0.0, 0.0, 0.0, 0.0, 0.0, 0.0, 0.0, 0.0, 0.0, 0.0, 0.0, 0.0, 0.0, 0.0, 0.0, 0.0, 0.0, 0.0, 0.0, 0.0, 8.495709211125343, 0.0, 
0.0, 0.0, -0.0, 0.0, 0.0, 0.0, 0.0, 0.0, 0.0, 0.0, 0.0, 0.0, 0.0, 0.0, 0.0, 0.0, 0.0, 0.0, 0.0, 0.0, 0.0, 0.0, 0.0, 0.0, 
0.0, 0.0, 0.0, 0.0, 0.0, -4.905000000000001, 0.0, 8.495709211125343, 5.94699644778774, 4.905000000000002, 0.0, -8.495709211125343, 10.194851053350412, 4.905000000000002, 0.0, -8.495709211125343, 10.194851053350412, 4.905000000000002, 0.0, -8.495709211125343, 10.194851053350412, 4.905000000000002, 0.0, -8.495709211125343, 
0.0, 0.0, 0.0, 0.0, 0.0, 0.0, 0.0, 0.0, 0.0, -4.905000000000002, 0.0, 8.495709211125343, -4.247854605562671, -4.905000000000002, 0.0, 8.495709211125343, -4.247854605562671, -4.905000000000002, 0.0, 8.495709211125343, -4.247854605562671, -4.905000000000002, 0.0, 8.495709211125343, 
0.0, 0.0, 0.0, 0.0, 0.0, 0.0, 0.0, 0.0, 0.0, 0.0, 0.0, 0.0, 0.0, 0.0, 8.495709211125343, 0.0, 1.3763048922023056, 0.0, 8.495709211125343, 0.0, 1.3763048922023056, 0.0, 8.495709211125343, 0.0, 
0.0, 0.0, 0.0, 0.0, 0.0, 0.0, 0.0, 0.0, 0.0, 0.0, 0.0, 0.0, 0.0, 0.0, 0.0, 0.0, 0.0, -4.905000000000002, 0.0, 8.495709211125343, 0.0, -4.905000000000002, 0.0, 8.495709211125343, 
0.0, 0.0, 0.0, 0.0, 0.0, 0.0, 0.0, 0.0, 0.0, 0.0, 0.0, 0.0, 0.0, 0.0, 0.0, 0.0, 0.0, 0.0, 0.0, 0.0, 0.0, 0.0, 8.495709211125343, 0.0, 
0.0, 0.0, -0.0, 0.0, 0.0, 0.0, 0.0, 0.0, 0.0, 0.0, 0.0, 0.0, 0.0, 0.0, 0.0, 0.0, -1.1102230246251565e-16, 0.0, 0.0, 0.0, -1.1102230246251565e-16, 0.0, 0.0, 0.0, 
0.0, 0.0, 0.0, 0.0, 0.0, -8.495709211125344, 0.0, 4.904999999999999, 3.4334999999999996, 8.495709211125344, 0.0, -4.9049999999999985, 5.885999999999999, 8.495709211125344, 0.0, -4.9049999999999985, 5.885999999999999, 8.495709211125344, 0.0, -4.9049999999999985, 5.885999999999999, 8.495709211125344, 0.0, -4.9049999999999985, 
0.0, 0.0, 0.0, 0.0, 0.0, 0.0, 0.0, 0.0, 0.0, -8.495709211125344, 0.0, 4.9049999999999985, -2.4524999999999992, -8.495709211125344, 0.0, 4.9049999999999985, -2.4524999999999992, -8.495709211125344, 0.0, 4.9049999999999985, -2.4524999999999992, -8.495709211125344, 0.0, 4.9049999999999985, 
0.0, 0.0, 0.0, 0.0, 0.0, 0.0, 0.0, 0.0, 0.0, 0.0, 0.0, 0.0, 0.0, 0.0, 4.9049999999999985, 0.0, 0.7946099999999998, 0.0, 4.9049999999999985, 0.0, 0.7946099999999998, 0.0, 4.9049999999999985, 0.0, 
0.0, 0.0, 0.0, 0.0, 0.0, 0.0, 0.0, 0.0, 0.0, 0.0, 0.0, 0.0, 0.0, 0.0, 0.0, 0.0, 0.0, -8.495709211125344, 0.0, 4.9049999999999985, 0.0, -8.495709211125344, 0.0, 4.9049999999999985, 
0.0, 0.0, 0.0, 0.0, 0.0, 0.0, 0.0, 0.0, 0.0, 0.0, 0.0, 0.0, 0.0, 0.0, 0.0, 0.0, 0.0, 0.0, 0.0, 0.0, 0.0, 0.0, 4.9049999999999985, 0.0, 
0.0, 0.0, -0.0, 0.0, 0.0, 0.0, 0.0, 0.0, 0.0, 0.0, 0.0, 0.0, 0.0, 0.0, 0.0, 0.0, 0.0, 0.0, 0.0, 0.0, 0.0, 0.0, 0.0, 0.0, 
0.0, 0.0, 0.0, 0.0, 0.0, -8.495709211125344, 0.0, 4.904999999999999, 3.4334999999999996, -4.905, 0.0, -8.495709211125344, 7.681354605562672, -4.905, 0.0, -8.495709211125344, 7.681354605562672, -4.905, 0.0, -8.495709211125344, 7.681354605562672, -4.905, 0.0, -8.495709211125344, 
0.0, 0.0, 0.0, 0.0, 0.0, 0.0, 0.0, 0.0, 0.0, 4.905, 0.0, 8.495709211125344, -4.247854605562672, 4.905, 0.0, 8.495709211125344, -4.247854605562672, 4.905, 0.0, 8.495709211125344, -4.247854605562672, 4.905, 0.0, 8.495709211125344, 
0.0, 0.0, 0.0, 0.0, 0.0, 0.0, 0.0, 0.0, 0.0, 0.0, 0.0, 0.0, 0.0, 0.0, 8.495709211125344, 0.0, 1.3763048922023058, 0.0, 8.495709211125344, 0.0, 1.3763048922023058, 0.0, 8.495709211125344, 0.0, 
0.0, 0.0, 0.0, 0.0, 0.0, 0.0, 0.0, 0.0, 0.0, 0.0, 0.0, 0.0, 0.0, 0.0, 0.0, 0.0, 0.0, 4.905, 0.0, 8.495709211125344, 0.0, 4.905, 0.0, 8.495709211125344, 
0.0, 0.0, 0.0, 0.0, 0.0, 0.0, 0.0, 0.0, 0.0, 0.0, 0.0, 0.0, 0.0, 0.0, 0.0, 0.0, 0.0, 0.0, 0.0, 0.0, 0.0, 0.0, 8.495709211125344, 0.0, 
0.0, 0.0, -0.0, 0.0, 0.0, 0.0, 0.0, 0.0, 0.0, 0.0, 0.0, 0.0, 0.0, 0.0, 0.0, 0.0, 0.0, 0.0, 0.0, 0.0, 0.0, 0.0, 0.0, 0.0, 
0.0, 0.0, 0.0, 0.0, 0.0, -8.495709211125344, 0.0, 4.904999999999999, 3.4334999999999996, 4.9049999999999985, 0.0, 8.495709211125344, -0.8143546055626727, 4.9049999999999985, 0.0, 8.495709211125344, -0.8143546055626727, 4.9049999999999985, 0.0, 8.495709211125344, -0.8143546055626727, 4.9049999999999985, 0.0, 8.495709211125344, 
0.0, 0.0, 0.0, 0.0, 0.0, 0.0, 0.0, 0.0, 0.0, -4.9049999999999985, -0.0, -8.495709211125344, 4.247854605562672, -4.9049999999999985, -0.0, -8.495709211125344, 4.247854605562672, -4.9049999999999985, -0.0, -8.495709211125344, 4.247854605562672, -4.9049999999999985, -0.0, -8.495709211125344, 
0.0, 0.0, 0.0, 0.0, 0.0, 0.0, 0.0, 0.0, 0.0, 0.0, 0.0, 0.0, 0.0, 0.0, -8.495709211125344, 0.0, -1.3763048922023058, 0.0, -8.495709211125344, 0.0, -1.3763048922023058, 0.0, -8.495709211125344, 0.0, 
0.0, 0.0, 0.0, 0.0, 0.0, 0.0, 0.0, 0.0, 0.0, 0.0, 0.0, 0.0, 0.0, 0.0, 0.0, 0.0, 0.0, -4.9049999999999985, -0.0, -8.495709211125344, 0.0, -4.9049999999999985, -0.0, -8.495709211125344, 
0.0, 0.0, 0.0, 0.0, 0.0, 0.0, 0.0, 0.0, 0.0, 0.0, 0.0, 0.0, 0.0, 0.0, 0.0, 0.0, 0.0, 0.0, 0.0, 0.0, 0.0, 0.0, -8.495709211125344, 0.0, 
0.0, 0.0, -0.0, 0.0, 0.0, 0.0, 0.0, 0.0, 0.0, 0.0, 0.0, 0.0, 0.0, 0.0, 0.0, 0.0, -1.1102230246251565e-16, 0.0, 0.0, 0.0, -1.1102230246251565e-16, 0.0, 0.0, 0.0, 
0.0, 0.0, 0.0, 0.0, 0.0, -8.495709211125344, 0.0, 4.904999999999999, 3.4334999999999996, -9.47573235589576, 0.0, -2.539014832455729, 4.703007416227864, -9.47573235589576, 0.0, -2.539014832455729, 4.703007416227864, -9.47573235589576, 0.0, -2.539014832455729, 4.703007416227864, -9.47573235589576, 0.0, -2.539014832455729, 
0.0, 0.0, 0.0, 0.0, 0.0, 0.0, 0.0, 0.0, 0.0, 9.47573235589576, 0.0, 2.539014832455729, -1.2695074162278646, 9.47573235589576, 0.0, 2.539014832455729, -1.2695074162278646, 9.47573235589576, 0.0, 2.539014832455729, -1.2695074162278646, 9.47573235589576, 0.0, 2.539014832455729, 
0.0, 0.0, 0.0, 0.0, 0.0, 0.0, 0.0, 0.0, 0.0, 0.0, 0.0, 0.0, 0.0, 0.0, 2.539014832455729, 0.0, 0.4113204028578281, 0.0, 2.539014832455729, 0.0, 0.4113204028578281, 0.0, 2.539014832455729, 0.0, 
0.0, 0.0, 0.0, 0.0, 0.0, 0.0, 0.0, 0.0, 0.0, 0.0, 0.0, 0.0, 0.0, 0.0, 0.0, 0.0, 0.0, 9.47573235589576, 0.0, 2.539014832455729, 0.0, 9.47573235589576, 0.0, 2.539014832455729, 
0.0, 0.0, 0.0, 0.0, 0.0, 0.0, 0.0, 0.0, 0.0, 0.0, 0.0, 0.0, 0.0, 0.0, 0.0, 0.0, 0.0, 0.0, 0.0, 0.0, 0.0, 0.0, 2.539014832455729, 0.0, 
0.0, 0.0, -0.0, 0.0, 0.0, 0.0, 0.0, 0.0, 0.0, 0.0, 0.0, 0.0, 0.0, 0.0, 0.0, 0.0, 1.1102230246251565e-16, 0.0, 0.0, 0.0, 1.1102230246251565e-16, 0.0, 0.0, 0.0, 
0.0, 0.0, 0.0, 0.0, 0.0, -8.495709211125344, 0.0, 4.904999999999999, 3.4334999999999996, -2.5390148324557305, 0.0, 9.47573235589576, -1.3043661779478803, -2.5390148324557305, 0.0, 9.47573235589576, -1.3043661779478803, -2.5390148324557305, 0.0, 9.47573235589576, -1.3043661779478803, -2.5390148324557305, 0.0, 9.47573235589576, 
0.0, 0.0, 0.0, 0.0, 0.0, 0.0, 0.0, 0.0, 0.0, 2.5390148324557305, 0.0, -9.47573235589576, 4.73786617794788, 2.5390148324557305, 0.0, -9.47573235589576, 4.73786617794788, 2.5390148324557305, 0.0, -9.47573235589576, 4.73786617794788, 2.5390148324557305, 0.0, -9.47573235589576, 
0.0, 0.0, 0.0, 0.0, 0.0, 0.0, 0.0, 0.0, 0.0, 0.0, 0.0, 0.0, 0.0, 0.0, -9.47573235589576, 0.0, -1.5350686416551131, 0.0, -9.47573235589576, 0.0, -1.5350686416551131, 0.0, -9.47573235589576, 0.0, 
0.0, 0.0, 0.0, 0.0, 0.0, 0.0, 0.0, 0.0, 0.0, 0.0, 0.0, 0.0, 0.0, 0.0, 0.0, 0.0, 0.0, 2.5390148324557305, 0.0, -9.47573235589576, 0.0, 2.5390148324557305, 0.0, -9.47573235589576, 
0.0, 0.0, 0.0, 0.0, 0.0, 0.0, 0.0, 0.0, 0.0, 0.0, 0.0, 0.0, 0.0, 0.0, 0.0, 0.0, 0.0, 0.0, 0.0, 0.0, 0.0, 0.0, -9.47573235589576, 0.0, 
0.0, 0.0, -0.0, 0.0, 0.0, 0.0, 0.0, 0.0, 0.0, 0.0, 0.0, 0.0, 0.0, 0.0, 0.0, 0.0, 0.0, 0.0, 0.0, 0.0, 0.0, 0.0, 0.0, 0.0, 
0.0, 0.0, 0.0, 0.0, 0.0, -8.495709211125344, 0.0, 4.904999999999999, 3.4334999999999987, 8.495709211125341, 0.0, 4.905000000000003, 0.9809999999999972, 8.495709211125341, 0.0, 4.905000000000003, 0.9809999999999972, 8.495709211125341, 0.0, 4.905000000000003, 0.9809999999999972, 8.495709211125341, 0.0, 4.905000000000003, 
0.0, 0.0, 0.0, 0.0, 0.0, 0.0, 0.0, 0.0, 0.0, -8.495709211125341, -0.0, -4.905000000000003, 2.4525000000000015, -8.495709211125341, -0.0, -4.905000000000003, 2.4525000000000015, -8.495709211125341, -0.0, -4.905000000000003, 2.4525000000000015, -8.495709211125341, -0.0, -4.905000000000003, 
0.0, 0.0, 0.0, 0.0, 0.0, 0.0, 0.0, 0.0, 0.0, 0.0, 0.0, 0.0, 0.0, 0.0, -4.905000000000003, 0.0, -0.7946100000000005, 0.0, -4.905000000000003, 0.0, -0.7946100000000005, 0.0, -4.905000000000003, 0.0, 
0.0, 0.0, 0.0, 0.0, 0.0, 0.0, 0.0, 0.0, 0.0, 0.0, 0.0, 0.0, 0.0, 0.0, 0.0, 0.0, 0.0, -8.495709211125341, -0.0, -4.905000000000003, 0.0, -8.495709211125341, -0.0, -4.905000000000003, 
0.0, 0.0, 0.0, 0.0, 0.0, 0.0, 0.0, 0.0, 0.0, 0.0, 0.0, 0.0, 0.0, 0.0, 0.0, 0.0, 0.0, 0.0, 0.0, 0.0, 0.0, 0.0, -4.905000000000003, 0.0, 
0.0, 0.0, -0.0, 0.0, 0.0, 0.0, 0.0, 0.0, 0.0, 0.0, 0.0, 0.0, 0.0, 0.0, 0.0, 0.0, 1.1102230246251565e-16, 0.0, 0.0, 0.0, 1.1102230246251565e-16, 0.0, 0.0, 0.0, 
0.0, 0.0, 0.0, 0.0, 0.0, -8.495709211125344, 0.0, 4.904999999999999, 3.4334999999999996, -8.881784197001252e-16, 0.0, -9.81, 8.3385, -8.881784197001252e-16, 0.0, -9.81, 8.3385, -8.881784197001252e-16, 0.0, -9.81, 8.3385, -8.881784197001252e-16, 0.0, -9.81, 
0.0, 0.0, 0.0, 0.0, 0.0, 0.0, 0.0, 0.0, 0.0, 8.881784197001252e-16, 0.0, 9.81, -4.905, 8.881784197001252e-16, 0.0, 9.81, -4.905, 8.881784197001252e-16, 0.0, 9.81, -4.905, 8.881784197001252e-16, 0.0, 9.81, 
0.0, 0.0, 0.0, 0.0, 0.0, 0.0, 0.0, 0.0, 0.0, 0.0, 0.0, 0.0, 0.0, 0.0, 9.81, 0.0, 1.58922, 0.0, 9.81, 0.0, 1.58922, 0.0, 9.81, 0.0, 
0.0, 0.0, 0.0, 0.0, 0.0, 0.0, 0.0, 0.0, 0.0, 0.0, 0.0, 0.0, 0.0, 0.0, 0.0, 0.0, 0.0, 8.881784197001252e-16, 0.0, 9.81, 0.0, 8.881784197001252e-16, 0.0, 9.81, 
0.0, 0.0, 0.0, 0.0, 0.0, 0.0, 0.0, 0.0, 0.0, 0.0, 0.0, 0.0, 0.0, 0.0, 0.0, 0.0, 0.0, 0.0, 0.0, 0.0, 0.0, 0.0, 9.81, 0.0, 
0.0, 0.0, -0.0, 0.0, 0.0, 0.0, 0.0, 0.0, 0.0, 0.0, 0.0, 0.0, 0.0, 0.0, 0.0, 0.0, -1.1102230246251565e-16, 0.0, 0.0, 0.0, -1.1102230246251565e-16, 0.0, 0.0, 0.0, 
0.0, 0.0, 0.0, 0.0, 0.0, -8.495709211125344, 0.0, 4.904999999999999, 3.4334999999999996, 8.495709211125344, 0.0, -4.9049999999999985, 5.885999999999999, 8.495709211125344, 0.0, -4.9049999999999985, 5.885999999999999, 8.495709211125344, 0.0, -4.9049999999999985, 5.885999999999999, 8.495709211125344, 0.0, -4.9049999999999985, 
0.0, 0.0, 0.0, 0.0, 0.0, 0.0, 0.0, 0.0, 0.0, -8.495709211125344, 0.0, 4.9049999999999985, -2.4524999999999992, -8.495709211125344, 0.0, 4.9049999999999985, -2.4524999999999992, -8.495709211125344, 0.0, 4.9049999999999985, -2.4524999999999992, -8.495709211125344, 0.0, 4.9049999999999985, 
0.0, 0.0, 0.0, 0.0, 0.0, 0.0, 0.0, 0.0, 0.0, 0.0, 0.0, 0.0, 0.0, 0.0, 4.9049999999999985, 0.0, 0.7946099999999998, 0.0, 4.9049999999999985, 0.0, 0.7946099999999998, 0.0, 4.9049999999999985, 0.0, 
0.0, 0.0, 0.0, 0.0, 0.0, 0.0, 0.0, 0.0, 0.0, 0.0, 0.0, 0.0, 0.0, 0.0, 0.0, 0.0, 0.0, -8.495709211125344, 0.0, 4.9049999999999985, 0.0, -8.495709211125344, 0.0, 4.9049999999999985, 
0.0, 0.0, 0.0, 0.0, 0.0, 0.0, 0.0, 0.0, 0.0, 0.0, 0.0, 0.0, 0.0, 0.0, 0.0, 0.0, 0.0, 0.0, 0.0, 0.0, 0.0, 0.0, 4.9049999999999985, 0.0, 
0.0, 0.0, -0.0, 0.0, 0.0, 0.0, 0.0, 0.0, 0.0, 0.0, 0.0, 0.0, 0.0, 0.0, 0.0, 0.0, -1.1102230246251565e-16, 0.0, 0.0, 0.0, -1.1102230246251565e-16, 0.0, 0.0, 0.0, 
0.0, 0.0, 0.0, 0.0, 0.0, -4.905000000000001, 0.0, -8.495709211125343, -5.94699644778774, 4.905, 0.0, 8.495709211125343, -10.194851053350412, 4.905, 0.0, 8.495709211125343, -10.194851053350412, 4.905, 0.0, 8.495709211125343, -10.194851053350412, 4.905, 0.0, 8.495709211125343, 
0.0, 0.0, 0.0, 0.0, 0.0, 0.0, 0.0, 0.0, 0.0, -4.905, -0.0, -8.495709211125343, 4.247854605562671, -4.905, -0.0, -8.495709211125343, 4.247854605562671, -4.905, -0.0, -8.495709211125343, 4.247854605562671, -4.905, -0.0, -8.495709211125343, 
0.0, 0.0, 0.0, 0.0, 0.0, 0.0, 0.0, 0.0, 0.0, 0.0, 0.0, 0.0, 0.0, 0.0, -8.495709211125343, 0.0, -1.3763048922023056, 0.0, -8.495709211125343, 0.0, -1.3763048922023056, 0.0, -8.495709211125343, 0.0, 
0.0, 0.0, 0.0, 0.0, 0.0, 0.0, 0.0, 0.0, 0.0, 0.0, 0.0, 0.0, 0.0, 0.0, 0.0, 0.0, 0.0, -4.905, -0.0, -8.495709211125343, 0.0, -4.905, -0.0, -8.495709211125343, 
0.0, 0.0, 0.0, 0.0, 0.0, 0.0, 0.0, 0.0, 0.0, 0.0, 0.0, 0.0, 0.0, 0.0, 0.0, 0.0, 0.0, 0.0, 0.0, 0.0, 0.0, 0.0, -8.495709211125343, 0.0, 
0.0, 0.0, -0.0, 0.0, 0.0, 0.0, 0.0, 0.0, 0.0, 0.0, 0.0, 0.0, 0.0, 0.0, 0.0, 0.0, -1.1102230246251565e-16, 0.0, 0.0, 0.0, -1.1102230246251565e-16, 0.0, 0.0, 0.0, 
0.0, 0.0, 0.0, 0.0, 0.0, -4.905000000000001, 0.0, -8.495709211125343, -5.94699644778774, 8.495709211125343, 0.0, -4.905000000000002, -3.4944964477877387, 8.495709211125343, 0.0, -4.905000000000002, -3.4944964477877387, 8.495709211125343, 0.0, -4.905000000000002, -3.4944964477877387, 8.495709211125343, 0.0, -4.905000000000002, 
0.0, 0.0, 0.0, 0.0, 0.0, 0.0, 0.0, 0.0, 0.0, -8.495709211125343, 0.0, 4.905000000000002, -2.452500000000001, -8.495709211125343, 0.0, 4.905000000000002, -2.452500000000001, -8.495709211125343, 0.0, 4.905000000000002, -2.452500000000001, -8.495709211125343, 0.0, 4.905000000000002, 
0.0, 0.0, 0.0, 0.0, 0.0, 0.0, 0.0, 0.0, 0.0, 0.0, 0.0, 0.0, 0.0, 0.0, 4.905000000000002, 0.0, 0.7946100000000004, 0.0, 4.905000000000002, 0.0, 0.7946100000000004, 0.0, 4.905000000000002, 0.0, 
0.0, 0.0, 0.0, 0.0, 0.0, 0.0, 0.0, 0.0, 0.0, 0.0, 0.0, 0.0, 0.0, 0.0, 0.0, 0.0, 0.0, -8.495709211125343, 0.0, 4.905000000000002, 0.0, -8.495709211125343, 0.0, 4.905000000000002, 
0.0, 0.0, 0.0, 0.0, 0.0, 0.0, 0.0, 0.0, 0.0, 0.0, 0.0, 0.0, 0.0, 0.0, 0.0, 0.0, 0.0, 0.0, 0.0, 0.0, 0.0, 0.0, 4.905000000000002, 0.0, 
0.0, 0.0, -0.0, 0.0, 0.0, 0.0, 0.0, 0.0, 0.0, 0.0, 0.0, 0.0, 0.0, 0.0, 0.0, 0.0, 0.0, 0.0, 0.0, 0.0, 0.0, 0.0, 0.0, 0.0, 
0.0, 0.0, 0.0, 0.0, 0.0, -4.905000000000001, 0.0, -8.495709211125343, -5.94699644778774, -8.495709211125343, 0.0, 4.905, -8.39949644778774, -8.495709211125343, 0.0, 4.905, -8.39949644778774, -8.495709211125343, 0.0, 4.905, -8.39949644778774, -8.495709211125343, 0.0, 4.905, 
0.0, 0.0, 0.0, 0.0, 0.0, 0.0, 0.0, 0.0, 0.0, 8.495709211125343, 0.0, -4.905, 2.4525, 8.495709211125343, 0.0, -4.905, 2.4525, 8.495709211125343, 0.0, -4.905, 2.4525, 8.495709211125343, 0.0, -4.905, 
0.0, 0.0, 0.0, 0.0, 0.0, 0.0, 0.0, 0.0, 0.0, 0.0, 0.0, 0.0, 0.0, 0.0, -4.905, 0.0, -0.79461, 0.0, -4.905, 0.0, -0.79461, 0.0, -4.905, 0.0, 
0.0, 0.0, 0.0, 0.0, 0.0, 0.0, 0.0, 0.0, 0.0, 0.0, 0.0, 0.0, 0.0, 0.0, 0.0, 0.0, 0.0, 8.495709211125343, 0.0, -4.905, 0.0, 8.495709211125343, 0.0, -4.905, 
0.0, 0.0, 0.0, 0.0, 0.0, 0.0, 0.0, 0.0, 0.0, 0.0, 0.0, 0.0, 0.0, 0.0, 0.0, 0.0, 0.0, 0.0, 0.0, 0.0, 0.0, 0.0, -4.905, 0.0, 
0.0, 0.0, -0.0, 0.0, 0.0, 0.0, 0.0, 0.0, 0.0, 0.0, 0.0, 0.0, 0.0, 0.0, 0.0, 0.0, 0.0, 0.0, 0.0, 0.0, 0.0, 0.0, 0.0, 0.0, 
0.0, 0.0, 0.0, 0.0, 0.0, -4.905000000000001, 0.0, -8.495709211125343, -5.94699644778774, 2.539014832455727, 0.0, -9.475732355895762, -1.209130269839859, 2.539014832455727, 0.0, -9.475732355895762, -1.209130269839859, 2.539014832455727, 0.0, -9.475732355895762, -1.209130269839859, 2.539014832455727, 0.0, -9.475732355895762, 
0.0, 0.0, 0.0, 0.0, 0.0, 0.0, 0.0, 0.0, 0.0, -2.539014832455727, 0.0, 9.475732355895762, -4.737866177947881, -2.539014832455727, 0.0, 9.475732355895762, -4.737866177947881, -2.539014832455727, 0.0, 9.475732355895762, -4.737866177947881, -2.539014832455727, 0.0, 9.475732355895762, 
0.0, 0.0, 0.0, 0.0, 0.0, 0.0, 0.0, 0.0, 0.0, 0.0, 0.0, 0.0, 0.0, 0.0, 9.475732355895762, 0.0, 1.5350686416551134, 0.0, 9.475732355895762, 0.0, 1.5350686416551134, 0.0, 9.475732355895762, 0.0, 
0.0, 0.0, 0.0, 0.0, 0.0, 0.0, 0.0, 0.0, 0.0, 0.0, 0.0, 0.0, 0.0, 0.0, 0.0, 0.0, 0.0, -2.539014832455727, 0.0, 9.475732355895762, 0.0, -2.539014832455727, 0.0, 9.475732355895762, 
0.0, 0.0, 0.0, 0.0, 0.0, 0.0, 0.0, 0.0, 0.0, 0.0, 0.0, 0.0, 0.0, 0.0, 0.0, 0.0, 0.0, 0.0, 0.0, 0.0, 0.0, 0.0, 9.475732355895762, 0.0, 
0.0, 0.0, -0.0, 0.0, 0.0, 0.0, 0.0, 0.0, 0.0, 0.0, 0.0, 0.0, 0.0, 0.0, 0.0, 0.0, 1.1102230246251565e-16, 0.0, 0.0, 0.0, 1.1102230246251565e-16, 0.0, 0.0, 0.0, 
0.0, 0.0, 0.0, 0.0, 0.0, -4.905000000000001, 0.0, -8.495709211125343, -5.94699644778774, -9.47573235589576, 0.0, -2.5390148324557282, -4.677489031559876, -9.47573235589576, 0.0, -2.5390148324557282, -4.677489031559876, -9.47573235589576, 0.0, -2.5390148324557282, -4.677489031559876, -9.47573235589576, 0.0, -2.5390148324557282, 
0.0, 0.0, 0.0, 0.0, 0.0, 0.0, 0.0, 0.0, 0.0, 9.47573235589576, 0.0, 2.5390148324557282, -1.2695074162278641, 9.47573235589576, 0.0, 2.5390148324557282, -1.2695074162278641, 9.47573235589576, 0.0, 2.5390148324557282, -1.2695074162278641, 9.47573235589576, 0.0, 2.5390148324557282, 
0.0, 0.0, 0.0, 0.0, 0.0, 0.0, 0.0, 0.0, 0.0, 0.0, 0.0, 0.0, 0.0, 0.0, 2.5390148324557282, 0.0, 0.411320402857828, 0.0, 2.5390148324557282, 0.0, 0.411320402857828, 0.0, 2.5390148324557282, 0.0, 
0.0, 0.0, 0.0, 0.0, 0.0, 0.0, 0.0, 0.0, 0.0, 0.0, 0.0, 0.0, 0.0, 0.0, 0.0, 0.0, 0.0, 9.47573235589576, 0.0, 2.5390148324557282, 0.0, 9.47573235589576, 0.0, 2.5390148324557282, 
0.0, 0.0, 0.0, 0.0, 0.0, 0.0, 0.0, 0.0, 0.0, 0.0, 0.0, 0.0, 0.0, 0.0, 0.0, 0.0, 0.0, 0.0, 0.0, 0.0, 0.0, 0.0, 2.5390148324557282, 0.0, 
0.0, 0.0, -0.0, 0.0, 0.0, 0.0, 0.0, 0.0, 0.0, 0.0, -8.881784197001252e-16, 0.0, 0.0, 0.0, -8.881784197001252e-16, 0.0, -2.220446049250313e-16, 0.0, -8.881784197001252e-16, 0.0, -2.220446049250313e-16, 0.0, -8.881784197001252e-16, 0.0, 
0.0, 0.0, 0.0, 0.0, 0.0, -4.905000000000001, 0.0, -8.495709211125343, -5.946996447787738, -4.905, 0.0, 8.495709211125343, -10.194851053350408, -4.905, 0.0, 8.495709211125343, -10.194851053350408, -4.905, 0.0, 8.495709211125343, -10.194851053350408, -4.905, 0.0, 8.495709211125343, 
0.0, 0.0, 0.0, 0.0, 0.0, 0.0, 0.0, 0.0, 0.0, 4.905, 0.0, -8.495709211125343, 4.247854605562671, 4.905, 0.0, -8.495709211125343, 4.247854605562671, 4.905, 0.0, -8.495709211125343, 4.247854605562671, 4.905, 0.0, -8.495709211125343, 
0.0, 0.0, 0.0, 0.0, 0.0, 0.0, 0.0, 0.0, 0.0, 0.0, 0.0, 0.0, 0.0, 0.0, -8.495709211125343, 0.0, -1.3763048922023056, 0.0, -8.495709211125343, 0.0, -1.3763048922023056, 0.0, -8.495709211125343, 0.0, 
0.0, 0.0, 0.0, 0.0, 0.0, 0.0, 0.0, 0.0, 0.0, 0.0, 0.0, 0.0, 0.0, 0.0, 0.0, 0.0, 0.0, 4.905, 0.0, -8.495709211125343, 0.0, 4.905, 0.0, -8.495709211125343, 
0.0, 0.0, 0.0, 0.0, 0.0, 0.0, 0.0, 0.0, 0.0, 0.0, 0.0, 0.0, 0.0, 0.0, 0.0, 0.0, 0.0, 0.0, 0.0, 0.0, 0.0, 0.0, -8.495709211125343, 0.0, 
0.0, 0.0, -0.0, 0.0, 0.0, 0.0, 0.0, 0.0, 0.0, 0.0, 0.0, 0.0, 0.0, 0.0, 0.0, 0.0, 0.0, 0.0, 0.0, 0.0, 0.0, 0.0, 0.0, 0.0, 
0.0, 0.0, 0.0, 0.0, 0.0, -4.905000000000001, 0.0, -8.495709211125343, -5.946996447787738, 9.809999999999999, 0.0, -3.552713678800501e-15, -5.946996447787736, 9.809999999999999, 0.0, -3.552713678800501e-15, -5.946996447787736, 9.809999999999999, 0.0, -3.552713678800501e-15, -5.946996447787736, 9.809999999999999, 0.0, -3.552713678800501e-15, 
0.0, 0.0, 0.0, 0.0, 0.0, 0.0, 0.0, 0.0, 0.0, -9.809999999999999, 0.0, 3.552713678800501e-15, -1.7763568394002505e-15, -9.809999999999999, 0.0, 3.552713678800501e-15, -1.7763568394002505e-15, -9.809999999999999, 0.0, 3.552713678800501e-15, -1.7763568394002505e-15, -9.809999999999999, 0.0, 3.552713678800501e-15, 
0.0, 0.0, 0.0, 0.0, 0.0, 0.0, 0.0, 0.0, 0.0, 0.0, 0.0, 0.0, 0.0, 0.0, 3.552713678800501e-15, 0.0, 5.755396159656812e-16, 0.0, 3.552713678800501e-15, 0.0, 5.755396159656812e-16, 0.0, 3.552713678800501e-15, 0.0, 
0.0, 0.0, 0.0, 0.0, 0.0, 0.0, 0.0, 0.0, 0.0, 0.0, 0.0, 0.0, 0.0, 0.0, 0.0, 0.0, 0.0, -9.809999999999999, 0.0, 3.552713678800501e-15, 0.0, -9.809999999999999, 0.0, 3.552713678800501e-15, 
0.0, 0.0, 0.0, 0.0, 0.0, 0.0, 0.0, 0.0, 0.0, 0.0, 0.0, 0.0, 0.0, 0.0, 0.0, 0.0, 0.0, 0.0, 0.0, 0.0, 0.0, 0.0, 3.552713678800501e-15, 0.0, 
0.0, 0.0, -0.0, 0.0, 0.0, 0.0, 0.0, 0.0, 0.0, 0.0, 0.0, 0.0, 0.0, 0.0, 0.0, 0.0, -1.1102230246251565e-16, 0.0, 0.0, 0.0, -1.1102230246251565e-16, 0.0, 0.0, 0.0, 
0.0, 0.0, 0.0, 0.0, 0.0, -4.905000000000001, 0.0, -8.495709211125343, -5.94699644778774, 4.905, 0.0, 8.495709211125343, -10.194851053350412, 4.905, 0.0, 8.495709211125343, -10.194851053350412, 4.905, 0.0, 8.495709211125343, -10.194851053350412, 4.905, 0.0, 8.495709211125343, 
0.0, 0.0, 0.0, 0.0, 0.0, 0.0, 0.0, 0.0, 0.0, -4.905, -0.0, -8.495709211125343, 4.247854605562671, -4.905, -0.0, -8.495709211125343, 4.247854605562671, -4.905, -0.0, -8.495709211125343, 4.247854605562671, -4.905, -0.0, -8.495709211125343, 
0.0, 0.0, 0.0, 0.0, 0.0, 0.0, 0.0, 0.0, 0.0, 0.0, 0.0, 0.0, 0.0, 0.0, -8.495709211125343, 0.0, -1.3763048922023056, 0.0, -8.495709211125343, 0.0, -1.3763048922023056, 0.0, -8.495709211125343, 0.0, 
0.0, 0.0, 0.0, 0.0, 0.0, 0.0, 0.0, 0.0, 0.0, 0.0, 0.0, 0.0, 0.0, 0.0, 0.0, 0.0, 0.0, -4.905, -0.0, -8.495709211125343, 0.0, -4.905, -0.0, -8.495709211125343, 
0.0, 0.0, 0.0, 0.0, 0.0, 0.0, 0.0, 0.0, 0.0, 0.0, 0.0, 0.0, 0.0, 0.0, 0.0, 0.0, 0.0, 0.0, 0.0, 0.0, 0.0, 0.0, -8.495709211125343, 0.0, 
0.0, 0.0, -0.0, 0.0, 0.0, 0.0, 0.0, 0.0, 0.0, 0.0, 0.0, 0.0, 0.0, 0.0, 0.0, 0.0, -1.1102230246251565e-16, 0.0, 0.0, 0.0, -1.1102230246251565e-16, 0.0, 0.0, 0.0, 
0.0, 0.0, 0.0, 0.0, 0.0, -8.495709211125344, 0.0, -4.904999999999999, -3.4334999999999996, 8.495709211125344, 0.0, 4.905, -5.885999999999999, 8.495709211125344, 0.0, 4.905, -5.885999999999999, 8.495709211125344, 0.0, 4.905, -5.885999999999999, 8.495709211125344, 0.0, 4.905, 
0.0, 0.0, 0.0, 0.0, 0.0, 0.0, 0.0, 0.0, 0.0, -8.495709211125344, -0.0, -4.905, 2.4525, -8.495709211125344, -0.0, -4.905, 2.4525, -8.495709211125344, -0.0, -4.905, 2.4525, -8.495709211125344, -0.0, -4.905, 
0.0, 0.0, 0.0, 0.0, 0.0, 0.0, 0.0, 0.0, 0.0, 0.0, 0.0, 0.0, 0.0, 0.0, -4.905, 0.0, -0.79461, 0.0, -4.905, 0.0, -0.79461, 0.0, -4.905, 0.0, 
0.0, 0.0, 0.0, 0.0, 0.0, 0.0, 0.0, 0.0, 0.0, 0.0, 0.0, 0.0, 0.0, 0.0, 0.0, 0.0, 0.0, -8.495709211125344, -0.0, -4.905, 0.0, -8.495709211125344, -0.0, -4.905, 
0.0, 0.0, 0.0, 0.0, 0.0, 0.0, 0.0, 0.0, 0.0, 0.0, 0.0, 0.0, 0.0, 0.0, 0.0, 0.0, 0.0, 0.0, 0.0, 0.0, 0.0, 0.0, -4.905, 0.0, 
0.0, 0.0, -0.0, 0.0, 0.0, 0.0, 0.0, 0.0, 0.0, 0.0, 0.0, 0.0, 0.0, 0.0, 0.0, 0.0, 0.0, 0.0, 0.0, 0.0, 0.0, 0.0, 0.0, 0.0, 
0.0, 0.0, 0.0, 0.0, 0.0, -8.495709211125344, 0.0, -4.904999999999999, -3.4334999999999996, 4.9049999999999985, 0.0, -8.495709211125344, 0.8143546055626727, 4.9049999999999985, 0.0, -8.495709211125344, 0.8143546055626727, 4.9049999999999985, 0.0, -8.495709211125344, 0.8143546055626727, 4.9049999999999985, 0.0, -8.495709211125344, 
0.0, 0.0, 0.0, 0.0, 0.0, 0.0, 0.0, 0.0, 0.0, -4.9049999999999985, 0.0, 8.495709211125344, -4.247854605562672, -4.9049999999999985, 0.0, 8.495709211125344, -4.247854605562672, -4.9049999999999985, 0.0, 8.495709211125344, -4.247854605562672, -4.9049999999999985, 0.0, 8.495709211125344, 
0.0, 0.0, 0.0, 0.0, 0.0, 0.0, 0.0, 0.0, 0.0, 0.0, 0.0, 0.0, 0.0, 0.0, 8.495709211125344, 0.0, 1.3763048922023058, 0.0, 8.495709211125344, 0.0, 1.3763048922023058, 0.0, 8.495709211125344, 0.0, 
0.0, 0.0, 0.0, 0.0, 0.0, 0.0, 0.0, 0.0, 0.0, 0.0, 0.0, 0.0, 0.0, 0.0, 0.0, 0.0, 0.0, -4.9049999999999985, 0.0, 8.495709211125344, 0.0, -4.9049999999999985, 0.0, 8.495709211125344, 
0.0, 0.0, 0.0, 0.0, 0.0, 0.0, 0.0, 0.0, 0.0, 0.0, 0.0, 0.0, 0.0, 0.0, 0.0, 0.0, 0.0, 0.0, 0.0, 0.0, 0.0, 0.0, 8.495709211125344, 0.0, 
0.0, 0.0, -0.0, 0.0, 0.0, 0.0, 0.0, 0.0, 0.0, 0.0, 0.0, 0.0, 0.0, 0.0, 0.0, 0.0, 0.0, 0.0, 0.0, 0.0, 0.0, 0.0, 0.0, 0.0, 
0.0, 0.0, 0.0, 0.0, 0.0, -8.495709211125344, 0.0, -4.904999999999999, -3.4334999999999996, -4.905, 0.0, 8.495709211125344, -7.681354605562672, -4.905, 0.0, 8.495709211125344, -7.681354605562672, -4.905, 0.0, 8.495709211125344, -7.681354605562672, -4.905, 0.0, 8.495709211125344, 
0.0, 0.0, 0.0, 0.0, 0.0, 0.0, 0.0, 0.0, 0.0, 4.905, 0.0, -8.495709211125344, 4.247854605562672, 4.905, 0.0, -8.495709211125344, 4.247854605562672, 4.905, 0.0, -8.495709211125344, 4.247854605562672, 4.905, 0.0, -8.495709211125344, 
0.0, 0.0, 0.0, 0.0, 0.0, 0.0, 0.0, 0.0, 0.0, 0.0, 0.0, 0.0, 0.0, 0.0, -8.495709211125344, 0.0, -1.3763048922023058, 0.0, -8.495709211125344, 0.0, -1.3763048922023058, 0.0, -8.495709211125344, 0.0, 
0.0, 0.0, 0.0, 0.0, 0.0, 0.0, 0.0, 0.0, 0.0, 0.0, 0.0, 0.0, 0.0, 0.0, 0.0, 0.0, 0.0, 4.905, 0.0, -8.495709211125344, 0.0, 4.905, 0.0, -8.495709211125344, 
0.0, 0.0, 0.0, 0.0, 0.0, 0.0, 0.0, 0.0, 0.0, 0.0, 0.0, 0.0, 0.0, 0.0, 0.0, 0.0, 0.0, 0.0, 0.0, 0.0, 0.0, 0.0, -8.495709211125344, 0.0, 
0.0, 0.0, -0.0, 0.0, 0.0, 0.0, 0.0, 0.0, 0.0, 0.0, 0.0, 0.0, 0.0, 0.0, 0.0, 0.0, -1.1102230246251565e-16, 0.0, 0.0, 0.0, -1.1102230246251565e-16, 0.0, 0.0, 0.0, 
0.0, 0.0, 0.0, 0.0, 0.0, -8.495709211125344, 0.0, -4.904999999999999, -3.4334999999999996, -2.5390148324557305, 0.0, -9.47573235589576, 1.3043661779478803, -2.5390148324557305, 0.0, -9.47573235589576, 1.3043661779478803, -2.5390148324557305, 0.0, -9.47573235589576, 1.3043661779478803, -2.5390148324557305, 0.0, -9.47573235589576, 
0.0, 0.0, 0.0, 0.0, 0.0, 0.0, 0.0, 0.0, 0.0, 2.5390148324557305, 0.0, 9.47573235589576, -4.73786617794788, 2.5390148324557305, 0.0, 9.47573235589576, -4.73786617794788, 2.5390148324557305, 0.0, 9.47573235589576, -4.73786617794788, 2.5390148324557305, 0.0, 9.47573235589576, 
0.0, 0.0, 0.0, 0.0, 0.0, 0.0, 0.0, 0.0, 0.0, 0.0, 0.0, 0.0, 0.0, 0.0, 9.47573235589576, 0.0, 1.5350686416551131, 0.0, 9.47573235589576, 0.0, 1.5350686416551131, 0.0, 9.47573235589576, 0.0, 
0.0, 0.0, 0.0, 0.0, 0.0, 0.0, 0.0, 0.0, 0.0, 0.0, 0.0, 0.0, 0.0, 0.0, 0.0, 0.0, 0.0, 2.5390148324557305, 0.0, 9.47573235589576, 0.0, 2.5390148324557305, 0.0, 9.47573235589576, 
0.0, 0.0, 0.0, 0.0, 0.0, 0.0, 0.0, 0.0, 0.0, 0.0, 0.0, 0.0, 0.0, 0.0, 0.0, 0.0, 0.0, 0.0, 0.0, 0.0, 0.0, 0.0, 9.47573235589576, 0.0, 
0.0, 0.0, -0.0, 0.0, 0.0, 0.0, 0.0, 0.0, 0.0, 0.0, 0.0, 0.0, 0.0, 0.0, 0.0, 0.0, 1.1102230246251565e-16, 0.0, 0.0, 0.0, 1.1102230246251565e-16, 0.0, 0.0, 0.0, 
0.0, 0.0, 0.0, 0.0, 0.0, -8.495709211125344, 0.0, -4.904999999999999, -3.4334999999999996, -9.47573235589576, 0.0, 2.539014832455729, -4.703007416227864, -9.47573235589576, 0.0, 2.539014832455729, -4.703007416227864, -9.47573235589576, 0.0, 2.539014832455729, -4.703007416227864, -9.47573235589576, 0.0, 2.539014832455729, 
0.0, 0.0, 0.0, 0.0, 0.0, 0.0, 0.0, 0.0, 0.0, 9.47573235589576, 0.0, -2.539014832455729, 1.2695074162278646, 9.47573235589576, 0.0, -2.539014832455729, 1.2695074162278646, 9.47573235589576, 0.0, -2.539014832455729, 1.2695074162278646, 9.47573235589576, 0.0, -2.539014832455729, 
0.0, 0.0, 0.0, 0.0, 0.0, 0.0, 0.0, 0.0, 0.0, 0.0, 0.0, 0.0, 0.0, 0.0, -2.539014832455729, 0.0, -0.4113204028578281, 0.0, -2.539014832455729, 0.0, -0.4113204028578281, 0.0, -2.539014832455729, 0.0, 
0.0, 0.0, 0.0, 0.0, 0.0, 0.0, 0.0, 0.0, 0.0, 0.0, 0.0, 0.0, 0.0, 0.0, 0.0, 0.0, 0.0, 9.47573235589576, 0.0, -2.539014832455729, 0.0, 9.47573235589576, 0.0, -2.539014832455729, 
0.0, 0.0, 0.0, 0.0, 0.0, 0.0, 0.0, 0.0, 0.0, 0.0, 0.0, 0.0, 0.0, 0.0, 0.0, 0.0, 0.0, 0.0, 0.0, 0.0, 0.0, 0.0, -2.539014832455729, 0.0, 
0.0, 0.0, -0.0, 0.0, 0.0, 0.0, 0.0, 0.0, 0.0, 0.0, 0.0, 0.0, 0.0, 0.0, 0.0, 0.0, -1.1102230246251565e-16, 0.0, 0.0, 0.0, -1.1102230246251565e-16, 0.0, 0.0, 0.0, 
0.0, 0.0, 0.0, 0.0, 0.0, -8.495709211125344, 0.0, -4.904999999999999, -3.4334999999999996, -8.881784197001252e-16, 0.0, 9.81, -8.3385, -8.881784197001252e-16, 0.0, 9.81, -8.3385, -8.881784197001252e-16, 0.0, 9.81, -8.3385, -8.881784197001252e-16, 0.0, 9.81, 
0.0, 0.0, 0.0, 0.0, 0.0, 0.0, 0.0, 0.0, 0.0, 8.881784197001252e-16, 0.0, -9.81, 4.905, 8.881784197001252e-16, 0.0, -9.81, 4.905, 8.881784197001252e-16, 0.0, -9.81, 4.905, 8.881784197001252e-16, 0.0, -9.81, 
0.0, 0.0, 0.0, 0.0, 0.0, 0.0, 0.0, 0.0, 0.0, 0.0, 0.0, 0.0, 0.0, 0.0, -9.81, 0.0, -1.58922, 0.0, -9.81, 0.0, -1.58922, 0.0, -9.81, 0.0, 
0.0, 0.0, 0.0, 0.0, 0.0, 0.0, 0.0, 0.0, 0.0, 0.0, 0.0, 0.0, 0.0, 0.0, 0.0, 0.0, 0.0, 8.881784197001252e-16, 0.0, -9.81, 0.0, 8.881784197001252e-16, 0.0, -9.81, 
0.0, 0.0, 0.0, 0.0, 0.0, 0.0, 0.0, 0.0, 0.0, 0.0, 0.0, 0.0, 0.0, 0.0, 0.0, 0.0, 0.0, 0.0, 0.0, 0.0, 0.0, 0.0, -9.81, 0.0, 
0.0, 0.0, -0.0, 0.0, 0.0, 0.0, 0.0, 0.0, 0.0, 0.0, 0.0, 0.0, 0.0, 0.0, 0.0, 0.0, 0.0, 0.0, 0.0, 0.0, 0.0, 0.0, 0.0, 0.0, 
0.0, 0.0, 0.0, 0.0, 0.0, -8.495709211125344, 0.0, -4.904999999999999, -3.4334999999999987, 8.495709211125341, 0.0, -4.905000000000003, -0.9809999999999972, 8.495709211125341, 0.0, -4.905000000000003, -0.9809999999999972, 8.495709211125341, 0.0, -4.905000000000003, -0.9809999999999972, 8.495709211125341, 0.0, -4.905000000000003, 
0.0, 0.0, 0.0, 0.0, 0.0, 0.0, 0.0, 0.0, 0.0, -8.495709211125341, 0.0, 4.905000000000003, -2.4525000000000015, -8.495709211125341, 0.0, 4.905000000000003, -2.4525000000000015, -8.495709211125341, 0.0, 4.905000000000003, -2.4525000000000015, -8.495709211125341, 0.0, 4.905000000000003, 
0.0, 0.0, 0.0, 0.0, 0.0, 0.0, 0.0, 0.0, 0.0, 0.0, 0.0, 0.0, 0.0, 0.0, 4.905000000000003, 0.0, 0.7946100000000005, 0.0, 4.905000000000003, 0.0, 0.7946100000000005, 0.0, 4.905000000000003, 0.0, 
0.0, 0.0, 0.0, 0.0, 0.0, 0.0, 0.0, 0.0, 0.0, 0.0, 0.0, 0.0, 0.0, 0.0, 0.0, 0.0, 0.0, -8.495709211125341, 0.0, 4.905000000000003, 0.0, -8.495709211125341, 0.0, 4.905000000000003, 
0.0, 0.0, 0.0, 0.0, 0.0, 0.0, 0.0, 0.0, 0.0, 0.0, 0.0, 0.0, 0.0, 0.0, 0.0, 0.0, 0.0, 0.0, 0.0, 0.0, 0.0, 0.0, 4.905000000000003, 0.0, 
0.0, 0.0, -0.0, 0.0, 0.0, 0.0, 0.0, 0.0, 0.0, 0.0, 0.0, 0.0, 0.0, 0.0, 0.0, 0.0, -1.1102230246251565e-16, 0.0, 0.0, 0.0, -1.1102230246251565e-16, 0.0, 0.0, 0.0, 
0.0, 0.0, 0.0, 0.0, 0.0, -8.495709211125344, 0.0, -4.904999999999999, -3.4334999999999996, 8.495709211125344, 0.0, 4.905, -5.885999999999999, 8.495709211125344, 0.0, 4.905, -5.885999999999999, 8.495709211125344, 0.0, 4.905, -5.885999999999999, 8.495709211125344, 0.0, 4.905, 
0.0, 0.0, 0.0, 0.0, 0.0, 0.0, 0.0, 0.0, 0.0, -8.495709211125344, -0.0, -4.905, 2.4525, -8.495709211125344, -0.0, -4.905, 2.4525, -8.495709211125344, -0.0, -4.905, 2.4525, -8.495709211125344, -0.0, -4.905, 
0.0, 0.0, 0.0, 0.0, 0.0, 0.0, 0.0, 0.0, 0.0, 0.0, 0.0, 0.0, 0.0, 0.0, -4.905, 0.0, -0.79461, 0.0, -4.905, 0.0, -0.79461, 0.0, -4.905, 0.0, 
0.0, 0.0, 0.0, 0.0, 0.0, 0.0, 0.0, 0.0, 0.0, 0.0, 0.0, 0.0, 0.0, 0.0, 0.0, 0.0, 0.0, -8.495709211125344, -0.0, -4.905, 0.0, -8.495709211125344, -0.0, -4.905, 
0.0, 0.0, 0.0, 0.0, 0.0, 0.0, 0.0, 0.0, 0.0, 0.0, 0.0, 0.0, 0.0, 0.0, 0.0, 0.0, 0.0, 0.0, 0.0, 0.0, 0.0, 0.0, -4.905, 0.0, 
0.0, 0.0, -0.0, 0.0, 0.0, 0.0, 0.0, 0.0, 0.0, 0.0, 0.0, 0.0, 0.0, 0.0, 0.0, 0.0, -5.796520254226043e-17, 0.0, -6.780980865892709e-17, -1.1102230246251565e-16, -5.796520254226043e-17, 0.0, -6.780980865892709e-17, -1.1102230246251565e-16, 
0.0, 0.0, 0.0, 0.0, 0.0, -8.495709211125344, 0.0, -4.904999999999999, -3.4334999999999996, 8.495709211125344, 0.0, 4.905, -5.885999999999999, 5.202121545945669e-16, -8.495709211125344, 4.905, -7.262304892202305, 0.6921936395336482, -8.495709211125344, -4.855913195825185, -7.262304892202305, 0.6921936395336482, -8.495709211125344, -4.855913195825185, 
0.0, 0.0, 0.0, 0.0, 0.0, 0.0, 0.0, 0.0, 0.0, -8.495709211125344, -0.0, -4.905, 2.4525, -5.202121545945669e-16, 8.495709211125344, -4.905, 3.8288048922023057, -0.6921936395336482, 8.495709211125344, 4.855913195825185, 3.8288048922023057, -0.6921936395336482, 8.495709211125344, 4.855913195825185, 
0.0, 0.0, 0.0, 0.0, 0.0, 0.0, 0.0, 0.0, 0.0, 0.0, 0.0, 0.0, 0.0, -4.905, -3.003446274908884e-16, 0.0, -3.597122599785507e-17, 4.855913195825185, -2.220446049250313e-16, 0.6921936395336488, -3.597122599785507e-17, 4.855913195825185, -2.220446049250313e-16, 0.6921936395336488, 
0.0, 0.0, 0.0, 0.0, 0.0, 0.0, 0.0, 0.0, 0.0, 0.0, 0.0, 0.0, 0.0, 0.0, 0.0, 0.0, 0.0, 8.41068837231338, 0.0, 1.198914552348297, 0.0, 8.41068837231338, 0.0, 1.198914552348297, 
0.0, 0.0, 0.0, 0.0, 0.0, 0.0, 0.0, 0.0, 0.0, 0.0, 0.0, 0.0, 0.0, 0.0, 0.0, 0.0, 0.0, 0.0, 0.0, 0.0, 0.0, -4.905, 1.198914552348297, 0.0, 
0.0, 0.0, -0.0, 0.0, 0.0, 0.0, 0.0, 0.0, 0.0, 0.0, 0.0, 0.0, 0.0, -4.440892098500626e-16, 0.0, 0.0, -5.551115123125783e-17, 4.440892098500626e-16, 0.0, 4.440892098500626e-16, -5.551115123125783e-17, 4.440892098500626e-16, 0.0, 4.440892098500626e-16, 
0.0, 0.0, 0.0, 0.0, 0.0, -8.495709211125344, 0.0, -4.904999999999999, -3.4334999999999996, 8.495709211125344, 0.0, 4.905, -5.885999999999999, 6.007373594175745, -6.0073735941757445, 4.905, -6.8591945222564705, -5.255061142975989, -6.0073735941757445, -5.703673805853899, -6.8591945222564705, -5.255061142975989, -6.0073735941757445, -5.703673805853899, 
0.0, 0.0, 0.0, 0.0, 0.0, 0.0, 0.0, 0.0, 0.0, -8.495709211125344, -0.0, -4.905, 2.4525, -6.007373594175745, 6.0073735941757445, -4.905, 3.425694522256471, 5.255061142975989, 6.0073735941757445, 5.703673805853899, 3.425694522256471, 5.255061142975989, 6.0073735941757445, 5.703673805853899, 
0.0, 0.0, 0.0, 0.0, 0.0, 0.0, 0.0, 0.0, 0.0, 0.0, 0.0, 0.0, 0.0, -3.4683587617200153, -3.4683587617200162, 0.0, -0.5618741193986426, 3.4336491496212274, -3.4683587617200162, 0.48945481640843963, -0.5618741193986426, 3.4336491496212274, -3.4683587617200162, 0.48945481640843963, 
0.0, 0.0, 0.0, 0.0, 0.0, 0.0, 0.0, 0.0, 0.0, 0.0, 0.0, 0.0, 0.0, 0.0, 0.0, 0.0, 0.0, 7.921233555904941, 0.0, 4.632563701969525, 0.0, 7.921233555904941, 0.0, 4.632563701969525, 
0.0, 0.0, 0.0, 0.0, 0.0, 0.0, 0.0, 0.0, 0.0, 0.0, 0.0, 0.0, 0.0, 0.0, 0.0, 0.0, 0.0, 0.0, 0.0, 0.0, 0.0, -3.4683587617200153, 4.632563701969525, 0.0, 
