3.14153512931	0.0	3.14164671576	-1.04719760094e-05	-5.2359878015e-05	-6.45771823433e-05	0.0	0.0	0.0	0.0	0.0	0.0	-1.5	2.40000009537	-0.20000000298	1.79999995232	0.800000011921	-0.20000000298
3.14143046708	0.0	3.14164671576	-1.04719760094e-05	-5.2359878015e-05	-6.45771823433e-05	0.0253072749861	0.0	0.0	0.0	0.0	0.0	-1.29999995232	2.5	0.5	1.70000004768	0.800000011921	-0.10000000149
3.13713691877	0.0	3.14164671576	-1.04719760094e-05	-5.2359878015e-05	-6.45771823433e-05	0.228700955981	0.0	0.0	0.0	0.0	0.0	-2.5	2.20000004768	0.5	1.60000002384	0.899999976158	-0.20000000298
3.12090175613	0.0	3.14164671576	0.0	-5.2359878015e-05	-6.45771823433e-05	0.237582947756	0.0	0.0	0.0	0.0	0.0	-3.0	2.5	-0.40000000596	1.70000004768	0.899999976158	-0.20000000298
3.09153321458	0.0	3.14164671576	0.0	-5.2359878015e-05	-5.2359878015e-05	0.349502176053	0.0	0.0	0.0	0.0	0.0	-0.600000023842	2.79999995232	0.40000000596	1.5	0.899999976158	-0.20000000298
3.04651593846	0.0	3.14164671576	0.0	-5.2359878015e-05	-5.2359878015e-05	0.435459661688	0.0	0.0	0.0	0.0	0.0	-0.699999988079	3.29999995232	0.699999988079	1.60000002384	0.899999976158	-0.20000000298
2.9893336088	0.0	3.14164671576	0.0	-5.2359878015e-05	-5.2359878015e-05	0.553705711854	0.0	0.0	0.0	0.0	0.0	1.70000004768	1.79999995232	-1.20000004768	1.89999997616	0.699999988079	-0.20000000298
2.91648363613	0.0	3.14164671576	0.0	-5.2359878015e-05	-5.2359878015e-05	0.711439849659	0.0	0.0	0.0	0.0	0.0	3.09999990463	0.10000000149	-3.20000004768	2.70000004768	0.699999988079	-0.20000000298
2.82377180805	0.0	3.14163792733	0.0	-5.2359878015e-05	-5.2359878015e-05	0.84932082062	0.0	0.0	0.0	0.0	0.0	-2.59999990463	4.90000009537	2.59999990463	1.20000004768	1.0	-0.20000000298
2.71393452258	0.0	3.14163792733	0.0	-5.2359878015e-05	-5.2359878015e-05	0.970184924584	0.0	0.0	0.0	0.0	0.0	-2.5	2.09999990463	-2.59999990463	2.0	0.600000023842	-0.20000000298
2.5883321224	0.0	3.14163792733	0.0	-5.2359878015e-05	-5.2359878015e-05	1.08297678755	0.0	0.0	0.0	0.0	0.0	-2.40000009537	2.79999995232	0.699999988079	1.5	0.899999976158	-0.20000000298
2.44904959634	0.0	3.14163792733	0.0	-5.2359878015e-05	-5.2359878015e-05	1.13097340856	0.0	0.0	0.0	0.0	0.0	-4.09999990463	2.59999990463	1.29999995232	1.60000002384	0.699999988079	-0.20000000298
2.3042639142	0.0	3.14163792733	0.0	-5.2359878015e-05	-4.18879040374e-05	1.13751839325	0.0	0.0	0.00130899699101	0.0	0.0	-3.79999995232	2.59999990463	-0.5	1.60000002384	0.800000011921	-0.20000000298
2.1587803507	0.0	3.14163100311	0.0	-5.2359878015e-05	-4.18879040374e-05	1.13839097798	0.0	0.0	0.0	0.0	0.0	-6.09999990463	2.20000004768	-0.300000011921	1.79999995232	0.800000011921	-0.20000000298
2.01314485385	0.0	3.14163100311	0.0	-5.2359878015e-05	-4.18879040374e-05	1.13599120352	0.0	0.0	0.0	0.0	0.0	-4.5	2.0	0.800000011921	1.60000002384	1.0	-0.20000000298
1.86781122632	0.0	3.14163100311	0.0	-5.2359878015e-05	-4.18879040374e-05	1.13359129591	0.0	0.0	0.00130899699101	0.0	0.0	-6.0	3.5	1.10000002384	1.60000002384	0.699999988079	-0.20000000298
1.73172968673	0.0	3.14163100311	0.0	-5.2359878015e-05	-4.18879040374e-05	1.13533673169	0.0	0.0	0.0	0.0	0.0	-6.5	1.70000004768	-0.800000011921	1.70000004768	1.20000004768	-0.20000000298
1.58659153522	0.0	3.14162407889	0.0	-5.2359878015e-05	-4.18879040374e-05	1.13359129591	0.0	0.0	0.00130899699101	0.0	0.0	-4.69999980927	1.5	0.600000023842	1.60000002384	0.899999976158	-0.10000000149
1.45050826457	0.0	3.14162407889	0.0	-5.2359878015e-05	-3.14159259962e-05	1.13359129591	0.0	0.0	0.0	0.0	0.0	-5.0	1.39999997616	0.40000000596	1.79999995232	0.800000011921	-0.10000000149
1.30537184412	0.0	3.14162407889	1.04719760094e-05	-5.2359878015e-05	-3.14159259962e-05	1.1342459009	0.0	0.0	0.0	0.0	0.0	-3.79999995232	0.899999976158	1.29999995232	1.60000002384	1.10000002384	-0.20000000298
1.16931480561	0.0	3.14161529046	1.04719760094e-05	-5.2359878015e-05	-3.14159259962e-05	1.13511848563	0.0	0.0	0.0	0.0	0.0	-4.5	1.89999997616	-0.20000000298	1.70000004768	0.699999988079	-0.20000000298
1.0151079248	0.0	3.14161529046	1.04719760094e-05	-5.2359878015e-05	-3.14159259962e-05	1.13359129591	0.0	0.0	0.0	0.0	0.0	-1.79999995232	1.10000002384	-0.899999976158	1.39999997616	1.10000002384	-0.20000000298
0.87902631863	0.0	3.14161529046	1.04719760094e-05	-5.2359878015e-05	-3.14159259962e-05	1.13293682407	0.0	0.0	0.0	0.0	0.0	-2.29999995232	1.10000002384	-0.800000011921	1.60000002384	0.899999976158	-0.20000000298
0.724812580179	0.0	3.14160836624	1.04719760094e-05	-5.2359878015e-05	-2.09439520187e-05	1.13359129591	0.0	0.0	0.0	0.0	0.0	1.10000002384	1.0	1.5	1.39999997616	1.10000002384	-0.20000000298
0.588764130365	0.0	3.14160836624	1.04719760094e-05	-5.2359878015e-05	-2.09439520187e-05	1.13533673169	0.0	0.0	0.0	0.0	0.0	-1.0	0.899999976158	1.0	1.70000004768	0.800000011921	-0.20000000298
0.443619054636	0.0	3.14160836624	1.04719760094e-05	-5.2359878015e-05	-2.09439520187e-05	1.13359129591	0.0	0.0	0.0	0.0	0.0	1.79999995232	0.300000011921	0.699999988079	1.60000002384	0.899999976158	-0.20000000298
0.298473978908	0.0	3.14160836624	2.09439520187e-05	-5.2359878015e-05	-2.09439520187e-05	1.13271871118	0.0	0.0	0.0	0.0	0.0	-0.40000000596	0.699999988079	1.0	1.70000004768	0.699999988079	-0.20000000298
0.16241858823	0.0	3.14160836624	2.09439520187e-05	-5.2359878015e-05	-2.09439520187e-05	1.13511848563	0.0	0.000872664639002	0.0	0.0	0.0	2.40000009537	0.699999988079	1.0	1.60000002384	0.899999976158	-0.20000000298
0.0171688034574	0.0	3.14160144202	2.09439520187e-05	-5.2359878015e-05	-2.09439520187e-05	1.13839097798	0.0	0.0	0.0	0.00130899699101	0.0	-2.29999995232	1.39999997616	-0.40000000596	1.79999995232	0.699999988079	-0.20000000298
-0.137524964579	0.0	3.14160144202	2.09439520187e-05	-5.2359878015e-05	-1.04719760094e-05	1.13686378825	0.0	0.0	0.0	0.0	0.0	-1.10000002384	0.300000011921	-0.699999988079	1.29999995232	1.20000004768	-0.20000000298
-0.274013193835	0.0	3.14160144202	2.09439520187e-05	-5.2359878015e-05	-1.04719760094e-05	1.1344640138	0.0	0.0	0.0	0.0	0.0	-1.20000004768	0.899999976158	1.60000002384	1.70000004768	0.800000011921	-0.20000000298
-0.419242042625	0.0	3.14160144202	3.14159259962e-05	-5.2359878015e-05	-1.04719760094e-05	1.13271871118	0.0	0.0	0.0	0.0	0.0	2.20000004768	0.5	1.60000002384	1.39999997616	1.10000002384	-0.20000000298
-0.573475055705	0.0	3.1415945178	3.14159259962e-05	-6.45771823433e-05	-1.04719760094e-05	1.13533673169	0.0	0.0	0.0	0.0	0.0	-1.20000004768	0.899999976158	-0.40000000596	1.89999997616	0.5	-0.20000000298
-0.709537420535	0.0	3.1415945178	3.14159259962e-05	-6.45771823433e-05	-1.04719760094e-05	1.1344640138	0.0	0.0	0.0	0.0	0.0	3.09999990463	1.10000002384	0.699999988079	1.39999997616	0.800000011921	-0.20000000298
-0.854682496264	0.0	3.1415945178	3.14159259962e-05	-6.45771823433e-05	-1.04719760094e-05	1.13359129591	0.0	0.0	0.0	0.0	0.0	-5.0	0.600000023842	0.5	1.60000002384	0.800000011921	-0.20000000298
-0.999825840938	0.0	3.1415945178	3.14159259962e-05	-6.45771823433e-05	-1.04719760094e-05	1.13359129591	0.0	0.0	0.0	0.0	0.0	-4.90000009537	1.29999995232	1.10000002384	1.39999997616	0.800000011921	-0.20000000298
-1.14495167533	0.0	3.1415945178	3.14159259962e-05	-6.45771823433e-05	0.0	1.13511848563	0.0	0.0	0.0	0.0	0.0	-6.09999990463	2.0	-0.800000011921	1.79999995232	0.699999988079	-0.20000000298
-1.29008982684	0.0	3.14158572937	4.18879040374e-05	-6.45771823433e-05	0.0	1.1342459009	0.0	0.0	0.00130899699101	0.0	0.0	-6.5	1.5	1.5	1.29999995232	0.699999988079	-0.10000000149
-1.43524009573	0.0	3.14158572937	4.18879040374e-05	-6.45771823433e-05	0.0	1.13293682407	0.0	0.0	0.0	0.0	0.0	-6.40000009537	0.699999988079	-0.899999976158	1.39999997616	0.699999988079	-0.20000000298
-1.57130246056	0.0	3.14158572937	4.18879040374e-05	-6.45771823433e-05	0.0	1.1344640138	0.0	0.0	0.0	0.0	0.0	-5.5	1.29999995232	0.300000011921	1.79999995232	1.20000004768	-0.20000000298
-1.71643355469	0.0	3.14158572937	4.18879040374e-05	-6.45771823433e-05	1.04719760094e-05	1.13533673169	0.0	0.0	0.0	0.0	0.0	-5.09999990463	1.5	0.699999988079	1.79999995232	0.600000023842	-0.10000000149
-1.85250990112	0.0	3.14157880515	4.18879040374e-05	-6.45771823433e-05	1.04719760094e-05	1.1342459009	0.0	0.0	0.0	0.0	0.0	-5.69999980927	1.20000004768	-1.0	1.60000002384	0.699999988079	-0.20000000298
-1.99765324579	0.0	3.14157880515	4.18879040374e-05	-6.45771823433e-05	1.04719760094e-05	1.13293682407	0.0	0.0	0.0	0.0	0.0	-2.70000004768	1.79999995232	-0.600000023842	1.29999995232	1.29999995232	-0.20000000298
-2.13372959222	0.0	3.14157880515	4.18879040374e-05	-6.45771823433e-05	1.04719760094e-05	1.14188171638	0.0	0.0	0.0	0.0	0.0	-4.09999990463	2.59999990463	0.699999988079	1.70000004768	0.899999976158	-0.20000000298
-2.27964618572	0.0	3.14157880515	4.18879040374e-05	-6.45771823433e-05	1.04719760094e-05	1.12639183937	0.0	0.0	0.0	0.0	0.0	2.59999990463	1.39999997616	0.300000011921	1.70000004768	0.800000011921	-0.20000000298
-2.41417257239	0.0	3.14157161462	4.18879040374e-05	-6.45771823433e-05	1.04719760094e-05	1.04043438703	0.0	0.0	0.00130899699101	0.0	0.0	1.10000002384	1.89999997616	0.20000000298	1.70000004768	1.10000002384	-0.20000000298
-2.54681237574	0.0	3.14157161462	5.2359878015e-05	-6.45771823433e-05	1.04719760094e-05	0.92698798565	0.0	0.0	0.0	0.0	0.0	2.29999995232	2.5	0.600000023842	2.09999990463	0.5	-0.20000000298
-2.65732823466	0.0	3.14157161462	5.2359878015e-05	-6.45771823433e-05	1.04719760094e-05	0.807651137992	0.0	0.0	0.0	0.0	0.0	2.20000004768	-0.10000000149	-2.70000004768	2.5	1.10000002384	-0.20000000298
-2.75988576929	0.0	3.1415646904	5.2359878015e-05	-6.45771823433e-05	1.04719760094e-05	0.661479813138	0.0	0.0	0.0	0.0	0.0	4.0	3.29999995232	-0.800000011921	2.09999990463	0.20000000298	-0.20000000298
-2.84278518033	0.0	3.1415646904	5.2359878015e-05	-6.45771823433e-05	1.04719760094e-05	0.516181139592	0.0	0.0	0.0	0.0	0.0	3.0	3.20000004768	1.20000004768	1.39999997616	0.800000011921	-0.20000000298
-2.90406371807	0.0	3.1415646904	5.2359878015e-05	-6.45771823433e-05	1.04719760094e-05	0.415824707603	0.0	0.0	0.0	0.0	0.0	2.29999995232	3.0	1.60000002384	2.09999990463	0.600000023842	-0.20000000298
-2.95692107412	0.0	3.1415646904	5.2359878015e-05	-6.45771823433e-05	1.04719760094e-05	0.314377444831	0.0	0.0	0.0	0.0	0.0	1.79999995232	1.70000004768	-0.5	1.60000002384	0.800000011921	-0.20000000298
-2.99655929747	0.0	3.1415646904	5.2359878015e-05	-6.45771823433e-05	1.04719760094e-05	0.200931026808	0.0	0.0	0.0	0.0	0.0	1.39999997616	3.0	-0.40000000596	1.89999997616	0.699999988079	-0.20000000298
-3.01966914414	0.0	3.1415646904	5.2359878015e-05	-6.45771823433e-05	1.04719760094e-05	0.0874846254273	0.0	0.0	0.0	0.0	0.0	1.20000004768	2.0	-0.600000023842	1.70000004768	0.800000011921	-0.20000000298
-3.0296456119	0.0	3.1415646904	5.2359878015e-05	-6.45771823433e-05	2.09439520187e-05	0.0220347826386	0.0	0.0	0.0	0.0	0.0	2.70000004768	2.70000004768	-0.40000000596	1.60000002384	0.800000011921	-0.20000000298
-3.03198599787	0.0	3.1415646904	5.2359878015e-05	-6.45771823433e-05	2.09439520187e-05	0.00414515692148	0.0	0.0	0.0	0.0	0.0	2.0	2.5	0.40000000596	1.70000004768	0.800000011921	-0.20000000298
-3.03242222366	0.0	3.1415646904	5.2359878015e-05	-6.45771823433e-05	2.09439520187e-05	0.000872664639002	0.0	0.0	0.0	0.0	0.0	2.29999995232	2.20000004768	0.40000000596	1.60000002384	0.800000011921	-0.20000000298
-3.0324957269	0.0	3.1415646904	5.2359878015e-05	-6.45771823433e-05	2.09439520187e-05	0.0	0.0	0.0	0.0	0.0	0.0	2.29999995232	2.0	0.40000000596	1.60000002384	0.800000011921	-0.20000000298
-3.03250771113	0.0	3.1415646904	6.45771823433e-05	-6.45771823433e-05	2.09439520187e-05	0.0	0.0	0.0	0.0	0.0	0.0	2.59999990463	2.09999990463	0.5	1.60000002384	0.800000011921	-0.20000000298
-3.03237694992	0.0	3.1415646904	6.45771823433e-05	-6.45771823433e-05	2.09439520187e-05	0.0285797673336	0.0	0.0	0.0	0.0	0.0	1.5	2.59999990463	-0.40000000596	1.70000004768	0.800000011921	-0.20000000298
-3.02752307252	0.0	3.1415646904	6.45771823433e-05	-6.45771823433e-05	2.09439520187e-05	0.129154366312	0.0	0.0	0.0	0.0	0.0	-2.59999990463	2.79999995232	-0.5	1.70000004768	0.800000011921	-0.20000000298
-3.0103211824	0.0	3.14155590197	6.45771823433e-05	-6.45771823433e-05	2.09439520187e-05	0.251545585102	0.0	0.0	0.0	0.0	0.0	-3.40000009537	3.79999995232	-1.29999995232	1.89999997616	0.800000011921	-0.20000000298
-2.9775858726	0.0	3.14155590197	6.45771823433e-05	-5.2359878015e-05	2.09439520187e-05	0.362810324917	0.0	0.0	0.0	0.0	0.0	2.0	3.5	-0.300000011921	1.70000004768	0.899999976158	-0.20000000298
-2.92764308004	0.0	3.14155590197	5.2359878015e-05	-5.2359878015e-05	2.09439520187e-05	0.455094615773	0.0	0.0	0.0	0.0	0.0	2.09999990463	2.70000004768	0.600000023842	1.60000002384	0.800000011921	-0.20000000298
-2.87216623874	0.0	3.14155590197	5.2359878015e-05	-5.2359878015e-05	2.09439520187e-05	0.68597723332	0.0	0.0	0.0	0.0	0.0	-3.79999995232	0.5	-1.5	2.09999990463	0.800000011921	-0.20000000298
-2.79695830324	0.0	3.14155590197	5.2359878015e-05	-5.2359878015e-05	2.09439520187e-05	0.730202152435	0.0	0.0	0.0	0.0	0.0	-4.90000009537	-0.800000011921	-1.20000004768	1.70000004768	0.800000011921	-0.20000000298
-2.70185522282	0.0	3.14155590197	5.2359878015e-05	-5.2359878015e-05	2.09439520187e-05	0.861756318172	0.0	0.0	0.0	0.0	0.0	3.40000009537	4.0	-4.30000019073	2.79999995232	-0.300000011921	-0.20000000298
-2.59753867029	0.0	3.14155590197	5.2359878015e-05	-5.2359878015e-05	1.04719760094e-05	0.977602560588	0.0	0.000872664639002	0.0	0.0	0.0	-2.20000004768	1.0	0.40000000596	0.899999976158	1.39999997616	-0.20000000298
-2.47089763729	0.0	3.14155590197	5.2359878015e-05	-5.2359878015e-05	1.04719760094e-05	1.09432145432	0.0	0.0	0.0	0.0	0.0	-2.79999995232	1.20000004768	-0.600000023842	1.70000004768	0.800000011921	-0.20000000298
-2.3310459937	0.0	3.14155590197	4.18879040374e-05	-4.18879040374e-05	1.04719760094e-05	1.13359129591	0.0	0.0	0.0	0.00130899699101	0.0	-2.20000004768	2.90000009537	0.699999988079	1.70000004768	0.699999988079	-0.20000000298
-2.18614180089	0.0	3.14155590197	4.18879040374e-05	-4.18879040374e-05	1.04719760094e-05	1.13599120352	0.0	0.0	0.0	0.0	0.0	-2.40000009537	1.39999997616	0.800000011921	1.5	1.10000002384	-0.20000000298
-2.04972683354	0.0	3.14155590197	4.18879040374e-05	-4.18879040374e-05	1.04719760094e-05	1.13751839325	0.0	0.0	0.0	0.0	0.0	-5.80000019073	0.899999976158	-0.899999976158	1.70000004768	0.899999976158	-0.20000000298
-1.89500516369	0.0	3.14154897775	4.18879040374e-05	-3.14159259962e-05	1.04719760094e-05	1.13599120352	0.0	0.0	0.0	0.0	0.0	-6.40000009537	2.59999990463	1.70000004768	1.39999997616	0.800000011921	-0.20000000298
-1.74970309461	5.23598800468e-06	3.14154897775	3.14159259962e-05	-3.14159259962e-05	1.04719760094e-05	1.13359129591	0.0	0.0	0.0	0.0	0.0	-6.69999980927	1.60000002384	-0.800000011921	1.89999997616	0.600000023842	-0.20000000298
-1.61360051605	5.23598800468e-06	3.14154897775	3.14159259962e-05	-3.14159259962e-05	1.04719760094e-05	1.13359129591	0.0	0.0	0.0	0.0	0.0	-4.80000019073	0.899999976158	-0.5	1.60000002384	0.800000011921	-0.10000000149
-1.46846422875	5.23598800468e-06	3.14154897775	3.14159259962e-05	-3.14159259962e-05	1.04719760094e-05	1.13359129591	0.0	0.0	0.0	0.0	0.0	-7.5	2.5	0.300000011921	1.5	0.699999988079	-0.20000000298
-1.32333127041	5.23598800468e-06	3.14154897775	2.09439520187e-05	-3.14159259962e-05	1.04719760094e-05	1.13511848563	0.000872664639002	0.0	0.0	0.0	0.0	-7.40000009537	1.20000004768	0.800000011921	1.39999997616	0.899999976158	-0.20000000298
-1.18726198136	1.22173043283e-05	3.14154205353	2.09439520187e-05	-3.14159259962e-05	1.04719760094e-05	1.1342459009	0.0	0.0	0.0	0.0	0.0	-6.19999980927	1.0	0.40000000596	1.60000002384	0.699999988079	-0.20000000298
-1.04211164588	1.22173043283e-05	3.14154205353	2.09439520187e-05	-2.09439520187e-05	0.0	1.13271871118	0.0	0.0	0.0	0.0	0.0	-4.30000019073	0.5	-0.699999988079	1.79999995232	1.10000002384	-0.20000000298
-0.896987542549	1.22173043283e-05	3.14154205353	2.09439520187e-05	-2.09439520187e-05	0.0	1.1344640138	0.0	0.0	0.0	0.0	0.0	2.40000009537	2.40000009537	1.20000004768	1.60000002384	0.600000023842	-0.20000000298
-0.751849457618	1.22173043283e-05	3.14154205353	2.09439520187e-05	-2.09439520187e-05	0.0	1.13359129591	0.0	0.0	0.0	0.0	0.0	-3.40000009537	0.20000000298	-0.40000000596	1.70000004768	1.0	-0.20000000298
-0.606711372688	1.91986216679e-05	3.14154205353	1.04719760094e-05	-1.04719760094e-05	0.0	1.1344640138	0.0	0.0	0.0	0.0	0.0	0.899999976158	0.5	1.70000004768	1.5	0.899999976158	-0.20000000298
-0.461561037216	1.91986216679e-05	3.14154205353	1.04719760094e-05	0.0	0.0	1.13184599329	0.0	0.0	0.0	0.0	0.0	1.5	-0.699999988079	1.70000004768	1.5	0.899999976158	-0.20000000298
-0.307347232186	1.91986216679e-05	3.14153512931	1.04719760094e-05	0.0	0.0	1.13206423934	0.0	0.0	0.0	0.0	0.0	-0.5	1.0	-1.0	1.89999997616	0.699999988079	-0.20000000298
-0.162216138053	1.91986216679e-05	3.14153512931	1.04719760094e-05	0.0	0.0	1.1344640138	0.0	0.0	0.00130899699101	0.0	0.0	2.59999990463	0.699999988079	0.800000011921	1.79999995232	0.800000011921	-0.20000000298
-0.0261659759095	1.91986216679e-05	3.14153512931	0.0	1.04719760094e-05	0.0	1.13533673169	0.0	0.0	0.0	0.0	0.0	-3.09999990463	0.699999988079	0.40000000596	1.60000002384	0.699999988079	-0.20000000298
0.119153630497	1.91986216679e-05	3.14153512931	0.0	1.04719760094e-05	0.0	1.13773650614	0.0	0.0	0.0	0.0	0.0	-0.800000011921	1.10000002384	1.20000004768	1.70000004768	0.699999988079	-0.20000000298
0.264794378761	2.44346086567e-05	3.14153512931	0.0	1.04719760094e-05	0.0	1.13620931642	0.0	0.0	0.0	0.0	0.0	1.20000004768	0.600000023842	-0.699999988079	1.60000002384	0.899999976158	-0.20000000298
0.410297250182	2.44346086567e-05	3.14153512931	0.0	1.04719760094e-05	0.0	1.13599120352	0.0	0.0	0.0	0.0	0.0	1.79999995232	2.20000004768	1.20000004768	1.5	0.699999988079	-0.20000000298
0.555506874277	2.44346086567e-05	3.14152634088	0.0	1.04719760094e-05	0.0	1.1344640138	0.0	0.0	0.0	0.0	0.0	-1.70000004768	0.899999976158	-0.899999976158	1.70000004768	1.0	0.10000000149
0.700651983295	2.44346086567e-05	3.14152634088	0.0	1.04719760094e-05	0.0	1.1344640138	0.0	0.0	0.0	0.0	0.0	-0.600000023842	0.699999988079	0.699999988079	1.5	1.0	-0.20000000298
0.836733522886	3.14159259962e-05	3.14152634088	0.0	2.09439520187e-05	0.0	1.13271871118	0.0	0.0	0.0	0.0	0.0	-1.5	0.699999988079	-0.5	1.70000004768	1.20000004768	0.10000000149
0.990947327916	3.14159259962e-05	3.14152634088	0.0	2.09439520187e-05	-1.04719760094e-05	1.1344640138	0.0	0.0	0.0	0.0	0.0	-3.5	1.70000004768	1.29999995232	1.60000002384	0.800000011921	-0.20000000298
1.25046039192	3.14159259962e-05	3.14152634088	0.0	2.09439520187e-05	-1.04719760094e-05	1.1342459009	0.0	0.0	0.0	0.0	0.0	-3.40000009537	1.29999995232	0.300000011921	1.5	1.10000002384	-0.20000000298
1.28120778513	3.14159259962e-05	3.14152634088	0.0	3.14159259962e-05	-1.04719760094e-05	1.1344640138	0.000872664639002	0.0	0.0	0.0	0.0	-3.29999995232	1.60000002384	1.10000002384	1.79999995232	0.699999988079	-0.20000000298
1.42635991823	3.83972433358e-05	3.14152634088	0.0	3.14159259962e-05	-1.04719760094e-05	1.13271871118	0.0	0.0	0.0	0.0	0.0	-6.40000009537	1.39999997616	0.600000023842	1.5	0.800000011921	-0.20000000298
1.57150499396	3.83972433358e-05	3.14151941666	0.0	3.14159259962e-05	-1.04719760094e-05	1.13359129591	0.0	0.0	0.0	0.0	0.0	-6.80000019073	3.0	-0.800000011921	1.60000002384	0.899999976158	-0.20000000298
1.82194400234	3.83972433358e-05	3.14151941666	-1.04719760094e-05	4.18879040374e-05	-1.04719760094e-05	1.1342459009	0.0	0.0	0.0	0.0	0.0	-5.80000019073	1.60000002384	-1.10000002384	1.20000004768	1.20000004768	-0.20000000298
1.85268620238	3.83972433358e-05	3.14151941666	-1.04719760094e-05	4.18879040374e-05	-1.04719760094e-05	1.1342459009	0.0	0.0	0.0	0.0	0.0	-4.40000009537	1.70000004768	1.39999997616	1.79999995232	0.800000011921	-0.20000000298
1.98877479935	3.83972433358e-05	3.14151941666	-2.09439520187e-05	4.18879040374e-05	-2.09439520187e-05	1.13206423934	0.0	0.0	0.0	0.0	0.0	-6.30000019073	2.5	-0.600000023842	2.0	0.699999988079	-0.10000000149
2.13390589348	4.53785606754e-05	3.14151941666	-2.09439520187e-05	5.2359878015e-05	-2.09439520187e-05	1.13533673169	0.0	0.0	0.0	0.0	0.0	-5.19999980927	2.0	0.40000000596	1.70000004768	0.899999976158	-0.20000000298
2.27914870722	4.53785606754e-05	3.14151249244	-3.14159259962e-05	5.2359878015e-05	-2.09439520187e-05	1.14253618822	0.0	0.0	0.0	0.0	0.0	-4.5	2.29999995232	-1.0	1.60000002384	0.899999976158	-0.20000000298
2.42506356967	4.53785606754e-05	3.14151249244	-3.14159259962e-05	5.2359878015e-05	-2.09439520187e-05	1.11002937764	0.0	0.0	0.0	0.0	0.0	-2.40000009537	2.90000009537	1.0	1.29999995232	0.899999976158	-0.20000000298
2.56629552965	4.53785606754e-05	3.14151249244	-3.14159259962e-05	6.45771823433e-05	-2.09439520187e-05	1.00138265833	0.0	0.0	0.0	0.0	0.0	-3.20000004768	3.70000004768	1.60000002384	1.89999997616	0.600000023842	-0.20000000298
2.69413205566	4.53785606754e-05	3.14151249244	-4.18879040374e-05	6.45771823433e-05	-2.09439520187e-05	0.891863221137	0.0	0.0	0.0	0.0	0.0	-0.800000011921	1.60000002384	-0.600000023842	1.10000002384	1.39999997616	-0.20000000298
2.80690121517	4.53785606754e-05	3.14151249244	-4.18879040374e-05	6.45771823433e-05	-2.09439520187e-05	0.752018768085	0.0	0.0	0.0	0.0	0.0	-0.600000023842	2.0	0.300000011921	-0.800000011921	1.39999997616	-0.20000000298
2.90242321084	4.53785606754e-05	3.14151249244	-4.18879040374e-05	7.50491603845e-05	-3.14159259962e-05	0.592975586733	0.0	0.0	0.0	0.0	0.0	0.699999988079	3.29999995232	-4.30000019073	3.0	0.20000000298	-0.20000000298
2.97792622459	5.06145476642e-05	3.14150530191	-4.18879040374e-05	7.50491603845e-05	-3.14159259962e-05	0.469493562128	0.0	0.0	0.0	0.0	0.0	1.60000002384	3.79999995232	1.89999997616	1.29999995232	0.800000011921	-0.10000000149
3.04108095931	5.06145476642e-05	3.14150530191	-4.18879040374e-05	7.50491603845e-05	-3.14159259962e-05	0.374809463524	0.0	0.0	0.0	0.0	0.0	-0.600000023842	2.09999990463	-1.0	1.79999995232	0.800000011921	-0.20000000298
3.08507025525	5.06145476642e-05	3.14150530191	-4.18879040374e-05	7.50491603845e-05	-3.14159259962e-05	0.270307871231	0.0	0.0	0.0	0.0	0.0	-1.70000004768	3.20000004768	-0.5	1.60000002384	0.800000011921	-0.20000000298
3.11820344132	5.06145476642e-05	3.14150530191	-4.18879040374e-05	7.50491603845e-05	-3.14159259962e-05	0.144644168417	0.0	0.0	0.0	0.0	0.0	0.5	3.29999995232	-0.899999976158	1.89999997616	0.699999988079	-0.20000000298
3.13405271191	5.06145476642e-05	3.14150530191	-4.18879040374e-05	7.50491603845e-05	-3.14159259962e-05	0.0538870423198	0.0	0.0	0.0	0.0	0.0	-1.10000002384	1.60000002384	-0.300000011921	1.70000004768	0.800000011921	-0.20000000298
3.14016333503	5.06145476642e-05	3.14151249244	-4.18879040374e-05	7.50491603845e-05	-3.14159259962e-05	0.0104719759281	0.0	0.0	0.0	0.0	0.0	-0.899999976158	1.39999997616	0.699999988079	1.5	0.899999976158	-0.20000000298
3.14129251533	5.75958650037e-05	3.14151249244	-4.18879040374e-05	8.5521134362e-05	-3.14159259962e-05	0.001745329278	0.0	0.0	0.0	0.0	0.0	-1.39999997616	2.79999995232	-0.600000023842	1.70000004768	0.800000011921	-0.20000000298
3.1415018398	5.75958650037e-05	3.14151249244	-4.18879040374e-05	8.5521134362e-05	-3.14159259962e-05	0.000872664639002	0.0	0.0	0.0	0.0	0.0	-1.0	3.09999990463	-0.300000011921	1.60000002384	0.800000011921	-0.20000000298
3.14153859142	5.75958650037e-05	3.14151249244	-4.18879040374e-05	8.5521134362e-05	-3.14159259962e-05	0.0	0.0	0.0	0.0	0.0	0.0	-1.20000004768	2.40000009537	-0.40000000596	1.70000004768	0.800000011921	-0.20000000298
3.14155430407	5.75958650037e-05	3.14151249244	-4.18879040374e-05	8.5521134362e-05	-3.14159259962e-05	0.000872664639002	0.0	0.0	0.0	0.0	0.0	-0.800000011921	2.40000009537	0.300000011921	1.70000004768	0.800000011921	-0.20000000298
3.14057346184	5.75958650037e-05	3.14151249244	-4.18879040374e-05	8.5521134362e-05	-3.14159259962e-05	0.058032198461	0.0	0.0	0.0	0.0	0.0	-1.89999997616	2.70000004768	0.40000000596	1.60000002384	0.899999976158	-0.20000000298
3.13174028914	5.75958650037e-05	3.14151249244	-4.18879040374e-05	8.5521134362e-05	-3.14159259962e-05	0.171696758507	0.0	0.0	0.0	0.0	0.0	-1.20000004768	3.29999995232	-0.5	1.60000002384	0.899999976158	-0.20000000298
3.10835640319	5.75958650037e-05	3.14151249244	-4.18879040374e-05	8.5521134362e-05	-3.14159259962e-05	0.292342649709	0.0	0.0	0.0	0.0	0.0	0.0	3.0	-0.5	1.60000002384	0.800000011921	-0.20000000298
3.06975654635	5.75958650037e-05	3.14151249244	-3.14159259962e-05	7.50491603845e-05	-3.14159259962e-05	0.39357173301	0.0	0.0	0.0	0.0	0.0	-0.600000023842	2.20000004768	0.600000023842	1.29999995232	1.10000002384	-0.20000000298
3.02190326998	5.75958650037e-05	3.14151249244	-3.14159259962e-05	7.50491603845e-05	-3.14159259962e-05	0.487601359776	0.0	0.0	0.0	0.0	0.0	0.699999988079	3.40000009537	0.899999976158	1.5	0.800000011921	-0.20000000298
2.96321305851	5.75958650037e-05	3.14151249244	-3.14159259962e-05	7.50491603845e-05	-3.14159259962e-05	0.615883033166	0.0	0.0	0.0	0.0	0.0	-4.80000019073	2.0	-0.899999976158	1.79999995232	0.800000011921	-0.20000000298
2.88364526199	5.75958650037e-05	3.14151249244	-3.14159259962e-05	7.50491603845e-05	-3.14159259962e-05	0.770126532442	0.000872664639002	0.0	0.0	0.0	0.0	-4.19999980927	1.70000004768	-0.40000000596	1.39999997616	1.5	-0.20000000298
2.7848576982	5.75958650037e-05	3.14151249244	-3.14159259962e-05	7.50491603845e-05	-3.14159259962e-05	0.886190954332	0.000872664639002	0.0	0.0	0.0	0.0	-0.5	1.39999997616	-2.90000009537	2.20000004768	0.600000023842	-0.20000000298
2.6774782441	5.06145476642e-05	3.14151249244	-3.14159259962e-05	7.50491603845e-05	-3.14159259962e-05	1.01185460721	0.0	0.0	0.0	0.0	0.0	-5.5	2.90000009537	1.29999995232	1.39999997616	1.0	-0.20000000298
2.54776525478	5.06145476642e-05	3.14151249244	-3.14159259962e-05	7.50491603845e-05	-3.14159259962e-05	1.1279190291	0.0	0.0	0.0	0.0	0.0	-2.5	3.79999995232	-0.899999976158	1.60000002384	0.699999988079	-0.20000000298
2.40287517673	5.06145476642e-05	3.14151249244	-2.09439520187e-05	7.50491603845e-05	-3.14159259962e-05	1.23874740997	0.0	0.0	0.0	0.0	0.0	-5.40000009537	3.79999995232	1.29999995232	1.29999995232	1.0	-0.20000000298
2.24376222056	5.75958650037e-05	3.14151249244	-2.09439520187e-05	6.45771823433e-05	-3.14159259962e-05	1.34761237533	0.0	0.0	0.0	0.0	0.0	-3.79999995232	2.29999995232	0.699999988079	1.70000004768	0.899999976158	-0.20000000298
2.07094130846	5.06145476642e-05	3.14151249244	-2.09439520187e-05	6.45771823433e-05	-3.14159259962e-05	1.45604098174	0.0	0.0	0.0	0.0	0.0	-6.09999990463	2.20000004768	0.300000011921	1.70000004768	0.899999976158	-0.20000000298
1.87209771725	5.06145476642e-05	3.14151941666	-2.09439520187e-05	5.2359878015e-05	-3.14159259962e-05	1.56228779343	0.0	0.0	0.0	0.0	0.0	-5.40000009537	3.09999990463	-0.300000011921	1.79999995232	0.899999976158	-0.20000000298
1.67151574764	5.06145476642e-05	3.14151941666	-1.04719760094e-05	5.2359878015e-05	-3.14159259962e-05	1.65217227654	0.0	0.0	0.0	0.0	0.0	-5.5	2.79999995232	0.899999976158	1.5	0.899999976158	-0.20000000298
1.45883863246	5.06145476642e-05	3.14151941666	0.0	4.18879040374e-05	-3.14159259962e-05	1.74598372383	0.0	0.0	0.00130899699101	0.0	0.0	-3.5	2.0	0.899999976158	1.5	0.800000011921	-0.20000000298
1.14881405786	5.06145476642e-05	3.14152634088	0.0	4.18879040374e-05	-3.14159259962e-05	1.83434101721	0.0	0.000872664639002	0.0	0.0	0.0	-3.40000009537	2.29999995232	0.600000023842	1.5	0.699999988079	-0.20000000298
1.02837592651	5.06145476642e-05	3.14152634088	0.0	3.14159259962e-05	-3.14159259962e-05	1.91593521301	0.0	0.0	0.0	0.0	0.0	0.300000011921	2.40000009537	0.600000023842	1.89999997616	0.800000011921	-0.20000000298
0.782530604694	5.06145476642e-05	3.14152634088	0.114371425417	3.14159259962e-05	-3.14159259962e-05	1.99185700884	0.0	0.0	0.00130899699101	0.0	0.0	-6.0	3.59999990463	0.300000011921	0.800000011921	1.20000004768	-0.20000000298
0.542753761476	5.06145476642e-05	3.14152634088	1.04719760094e-05	2.09439520187e-05	-3.14159259962e-05	2.07934158433	0.000872664639002	0.0	0.0	0.0	0.0	-6.30000019073	5.19999980927	-0.600000023842	1.10000002384	1.39999997616	-0.20000000298
0.276547424639	5.06145476642e-05	3.14153512931	-0.114371425417	2.09439520187e-05	-3.14159259962e-05	2.1406463542	0.000872664639002	0.0	0.00392699071297	0.0	0.0	11.8000001907	1.89999997616	1.29999995232	3.09999990463	-0.600000023842	-0.300000011921
0.0030054568729	5.75958650037e-05	3.14153512931	1.04719760094e-05	1.04719760094e-05	-3.14159259962e-05	2.12733813876	0.000872664639002	0.0	0.00261799398201	0.0	0.0	-11.6999998093	3.79999995232	-0.5	-1.5	1.89999997616	-0.20000000298
-0.251484498844	5.06145476642e-05	3.14154205353	1.04719760094e-05	1.04719760094e-05	-3.14159259962e-05	2.05490708133	0.000872664639002	0.0	0.00130899699101	0.0	0.0	-1.60000002384	-0.600000023842	1.70000004768	2.09999990463	0.899999976158	-0.20000000298
-0.513933132027	5.75958650037e-05	3.14154205353	1.04719760094e-05	1.04719760094e-05	-3.14159259962e-05	1.97636726499	0.0	0.0	0.00130899699101	0.0	0.0	-2.59999990463	0.800000011921	1.0	1.89999997616	0.800000011921	-0.20000000298
-0.766300768379	5.75958650037e-05	3.14154897775	1.04719760094e-05	0.0	-3.14159259962e-05	1.8939003513	0.0	0.0	0.00130899699101	0.0	0.0	-3.79999995232	1.39999997616	0.600000023842	1.89999997616	0.800000011921	-0.20000000298
-1.00819642256	5.06145476642e-05	3.14154897775	2.09439520187e-05	0.0	-3.14159259962e-05	1.79987079112	0.0	0.0	0.0	0.0	0.0	-5.5	1.5	-0.600000023842	1.79999995232	0.899999976158	-0.10000000149
-1.23844021434	5.06145476642e-05	3.14155590197	2.09439520187e-05	-1.04719760094e-05	-3.14159259962e-05	1.70867736433	0.0	0.0	0.0	0.0	0.0	-5.90000009537	1.29999995232	0.899999976158	1.70000004768	0.899999976158	-0.10000000149
-1.45704272978	5.06145476642e-05	3.14155590197	2.09439520187e-05	-2.09439520187e-05	-4.18879040374e-05	1.61792016333	0.0	0.0	0.00130899699101	0.0	0.0	-6.40000009537	1.39999997616	0.300000011921	1.60000002384	0.899999976158	-0.20000000298
-1.66383106316	5.06145476642e-05	3.1415646904	3.14159259962e-05	-2.09439520187e-05	-4.18879040374e-05	1.52978111601	0.0	0.0	0.00130899699101	0.0	0.0	-6.69999980927	1.5	0.40000000596	1.79999995232	0.899999976158	-0.20000000298
-1.84637504323	5.06145476642e-05	3.1415646904	3.14159259962e-05	-3.14159259962e-05	-4.18879040374e-05	1.43073362769	0.0	0.0	0.0	0.0	0.0	-4.5	2.20000004768	0.699999988079	1.70000004768	0.699999988079	-0.20000000298
-2.02781247987	5.06145476642e-05	3.14157161462	3.14159259962e-05	-4.18879040374e-05	-4.18879040374e-05	1.32230502128	0.0	0.0	0.0	0.0	0.0	-2.90000009537	1.5	-0.699999988079	1.89999997616	0.899999976158	-0.20000000298
-2.18546988535	5.06145476642e-05	3.14157161462	3.14159259962e-05	-4.18879040374e-05	-5.2359878015e-05	1.22194858929	0.0	0.0	0.00130899699101	0.0	0.0	-3.70000004768	1.10000002384	-0.800000011921	1.79999995232	0.899999976158	-0.20000000298
-2.34034335538	5.06145476642e-05	3.14157161462	4.18879040374e-05	-4.18879040374e-05	-5.2359878015e-05	1.1065387724	0.0	0.0	0.0	0.0	0.0	-1.20000004768	0.899999976158	0.899999976158	1.60000002384	1.0	-0.20000000298
-2.48060672368	5.06145476642e-05	3.14157161462	4.18879040374e-05	-5.2359878015e-05	-5.2359878015e-05	0.984802017123	0.0	0.0	0.0	0.0	0.0	0.800000011921	2.5	1.29999995232	1.5	1.0	-0.20000000298
-2.59802895825	5.06145476642e-05	3.14157161462	4.18879040374e-05	-5.2359878015e-05	-5.2359878015e-05	0.867210472085	0.0	0.0	0.0	0.0	0.0	-2.29999995232	1.39999997616	-1.20000004768	2.09999990463	0.600000023842	-0.20000000298
-2.7085189845	5.06145476642e-05	3.14157161462	4.18879040374e-05	-5.2359878015e-05	-5.2359878015e-05	0.728456783236	0.0	0.0	0.0	0.0	0.0	2.90000009537	1.0	-1.89999997616	2.29999995232	0.300000011921	-0.20000000298
-2.80121163782	5.06145476642e-05	3.14157161462	4.18879040374e-05	-6.45771823433e-05	-5.2359878015e-05	0.575086001847	0.0	0.0	0.0	0.0	0.0	0.600000023842	3.20000004768	1.29999995232	0.899999976158	1.20000004768	-0.20000000298
-2.87443338778	4.53785606754e-05	3.14157161462	5.2359878015e-05	-6.45771823433e-05	-5.2359878015e-05	0.460548769685	0.0	0.0	0.0	0.0	0.0	-0.20000000298	0.800000011921	-2.40000009537	2.20000004768	0.800000011921	-0.20000000298
-2.9330466339	4.53785606754e-05	3.14157161462	5.2359878015e-05	-6.45771823433e-05	-5.2359878015e-05	0.373282307085	0.0	0.0	0.0	0.0	0.0	0.600000023842	2.5	1.29999995232	1.39999997616	1.0	-0.20000000298
-2.97686149278	4.53785606754e-05	3.14157161462	5.2359878015e-05	-6.45771823433e-05	-5.2359878015e-05	0.261144882671	0.0	0.0	0.0	0.0	0.0	-2.09999990463	1.79999995232	-1.10000002384	1.5	0.800000011921	-0.20000000298
-3.00979068071	4.53785606754e-05	3.14157880515	5.2359878015e-05	-6.45771823433e-05	-5.2359878015e-05	0.141371676069	0.0	0.0	0.0	0.0	0.0	-1.79999995232	1.60000002384	0.899999976158	1.5	0.899999976158	-0.20000000298
-3.02595420432	4.53785606754e-05	3.14157880515	5.2359878015e-05	-6.45771823433e-05	-5.2359878015e-05	0.0473420576249	0.0	0.0	0.00152716306949	0.0	0.0	2.70000004768	2.59999990463	0.20000000298	1.70000004768	0.800000011921	-0.10000000149
-3.03112206841	4.53785606754e-05	3.14157880515	6.45771823433e-05	-6.45771823433e-05	-5.2359878015e-05	0.00894481220841	0.0	0.0	0.00152716306949	0.0	0.0	2.90000009537	2.29999995232	-0.5	1.70000004768	0.800000011921	-0.20000000298
-3.03221449709	4.53785606754e-05	3.14157880515	6.45771823433e-05	-6.45771823433e-05	-5.2359878015e-05	0.00152716306949	0.0	0.0	0.0	0.0	0.0	2.40000009537	2.20000004768	-0.40000000596	1.70000004768	0.800000011921	-0.20000000298
-3.03239079836	4.53785606754e-05	3.14157880515	6.45771823433e-05	-6.45771823433e-05	-5.2359878015e-05	0.0	0.0	0.0	0.0	0.0	0.0	2.5	2.79999995232	-0.5	1.70000004768	0.800000011921	-0.20000000298
-3.03242222366	4.53785606754e-05	3.14157880515	6.45771823433e-05	-6.45771823433e-05	-5.2359878015e-05	0.0	0.0	0.0	0.0	0.0	0.0	2.40000009537	2.40000009537	0.300000011921	1.60000002384	0.800000011921	-0.20000000298
-3.03242941419	4.53785606754e-05	3.14157880515	6.45771823433e-05	-6.45771823433e-05	-5.2359878015e-05	0.00152716306949	0.0	0.0	0.0	0.0	0.0	2.0	2.20000004768	0.300000011921	1.70000004768	0.800000011921	-0.20000000298
-3.0316525701	4.53785606754e-05	3.14157880515	6.45771823433e-05	-6.45771823433e-05	-5.2359878015e-05	0.058032198461	0.0	0.0	0.0	0.0	0.0	1.0	1.39999997616	0.40000000596	1.60000002384	0.800000011921	-0.20000000298
-3.02354377721	4.53785606754e-05	3.14157880515	6.45771823433e-05	-6.45771823433e-05	-5.2359878015e-05	0.170605927725	0.0	0.0	0.0	0.0	0.0	-0.899999976158	0.699999988079	0.5	1.60000002384	0.800000011921	-0.20000000298
-2.99925228596	4.53785606754e-05	3.14157880515	6.45771823433e-05	-6.45771823433e-05	-5.2359878015e-05	0.298887634404	0.0	0.0	0.0	0.00130899699101	0.0	2.0	1.0	0.800000011921	1.39999997616	1.0	-0.20000000298
-2.96064390701	4.53785606754e-05	3.14157880515	6.45771823433e-05	-6.45771823433e-05	-4.18879040374e-05	0.394444417609	0.0	0.0	0.0	0.0	0.0	-1.60000002384	3.5	-0.800000011921	1.79999995232	0.800000011921	-0.20000000298
-2.91279222854	4.53785606754e-05	3.14157880515	6.45771823433e-05	-6.45771823433e-05	-4.18879040374e-05	0.487601359776	0.0	0.0	0.0	0.0	0.0	0.5	4.0	-0.300000011921	1.60000002384	0.899999976158	-0.20000000298
-2.84968995809	4.53785606754e-05	3.14157880515	5.2359878015e-05	-6.45771823433e-05	-4.18879040374e-05	0.615664920273	0.0	0.0	0.0	0.0	0.0	-2.09999990463	2.09999990463	-2.29999995232	2.29999995232	0.600000023842	-0.20000000298
-2.76888991694	4.53785606754e-05	3.14157880515	5.2359878015e-05	-5.2359878015e-05	-4.18879040374e-05	0.7603090554	0.0	0.0	0.0	0.0	0.0	-2.40000009537	-1.20000004768	-4.19999980927	3.09999990463	1.0	-0.20000000298
-2.6757258841	4.53785606754e-05	3.14157880515	6.45771823433e-05	-5.2359878015e-05	-4.18879040374e-05	0.887936256952	0.0	0.0	0.0	0.0	0.0	3.09999990463	5.0	-3.40000009537	2.5	0.20000000298	-0.20000000298
-2.56071567453	4.53785606754e-05	3.14157880515	6.45771823433e-05	-5.2359878015e-05	-4.18879040374e-05	1.01032748406	0.0	0.0	0.0	0.0	0.0	-4.0	-0.40000000596	2.29999995232	1.20000004768	0.699999988079	-0.20000000298
-2.43004288196	4.53785606754e-05	3.14157880515	5.2359878015e-05	-5.2359878015e-05	-3.14159259962e-05	1.12944621883	0.0	0.0	0.0	0.0	0.0	-4.59999990463	2.20000004768	-1.39999997616	1.70000004768	0.600000023842	-0.20000000298
-2.28423108385	4.53785606754e-05	3.14157880515	5.2359878015e-05	-5.2359878015e-05	-3.14159259962e-05	1.24071095864	0.0	0.0	0.0	0.0	0.0	-3.40000009537	2.20000004768	1.10000002384	1.89999997616	0.699999988079	-0.20000000298
-2.12426991087	4.53785606754e-05	3.14157880515	5.2359878015e-05	-5.2359878015e-05	-3.14159259962e-05	1.35415736002	0.0	0.0	0.0	0.0	0.0	-4.40000009537	2.20000004768	1.0	1.70000004768	1.20000004768	-0.20000000298
-1.93926330573	4.53785606754e-05	3.14157880515	5.2359878015e-05	-5.2359878015e-05	-2.09439520187e-05	1.46018605882	0.0	0.0	0.0	0.0	0.0	-5.5	2.09999990463	-0.300000011921	1.79999995232	0.699999988079	-0.20000000298
-1.75084625651	5.06145476642e-05	3.14157880515	5.2359878015e-05	-5.2359878015e-05	-2.09439520187e-05	1.56643300366	0.0	0.000872664639002	0.00130899699101	0.0	0.0	-6.0	1.89999997616	0.300000011921	1.60000002384	1.0	-0.20000000298
-1.56241695674	5.06145476642e-05	3.14157880515	5.2359878015e-05	-5.2359878015e-05	-1.04719760094e-05	1.65631748677	0.0	0.0	0.00414515692148	0.0	0.0	-6.30000019073	0.5	0.699999988079	1.70000004768	0.899999976158	-0.10000000149
-1.34974689894	5.06145476642e-05	3.14158572937	5.2359878015e-05	-4.18879040374e-05	-1.04719760094e-05	1.74860174434	0.0	0.0	0.0	0.0	0.0	-6.5	1.60000002384	0.800000011921	1.70000004768	0.899999976158	-0.20000000298
-1.12537610973	5.06145476642e-05	3.14158572937	4.18879040374e-05	-4.18879040374e-05	0.0	1.83674092483	0.0	0.0	0.0	0.0	0.0	-4.59999990463	1.89999997616	0.699999988079	1.70000004768	0.800000011921	-0.20000000298
-0.904246387574	5.06145476642e-05	3.14158572937	3.14159259962e-05	-4.18879040374e-05	0.0	1.91920770536	0.0	0.0	0.0	0.0	0.0	-2.70000004768	1.39999997616	0.800000011921	2.09999990463	0.899999976158	-0.20000000298
-0.657744796288	5.06145476642e-05	3.14158572937	3.14159259962e-05	-4.18879040374e-05	0.0	2.00494697823	0.0	0.0	0.0	0.0	0.0	-1.70000004768	-0.40000000596	1.0	2.29999995232	1.0	-0.20000000298
-0.400973689653	5.75958650037e-05	3.1415945178	2.09439520187e-05	-4.18879040374e-05	1.04719760094e-05	2.08021430222	0.0	0.0	0.00130899699101	0.0	0.0	2.5	1.89999997616	0.40000000596	2.79999995232	1.5	-0.20000000298
-0.133454855485	5.75958650037e-05	3.14160144202	1.04719760094e-05	-4.18879040374e-05	1.04719760094e-05	2.1371556158	0.0	0.0	0.00261799398201	0.0	0.0	-2.5	-0.20000000298	2.20000004768	2.90000009537	1.79999995232	-0.10000000149
0.140320975796	6.45771823433e-05	3.14160144202	3.14159259962e-05	-3.14159259962e-05	1.04719760094e-05	2.11119392308	0.0	0.000872664639002	0.00392699071297	0.00130899699101	0.0	7.40000009537	-0.5	-0.899999976158	-1.89999997616	-0.899999976158	-0.20000000298
0.410578246966	6.45771823433e-05	3.14160836624	1.04719760094e-05	-3.14159259962e-05	2.09439520187e-05	2.0385446196	0.000872664639002	0.0	0.00261799398201	0.0	0.0	-6.69999980927	5.59999990463	1.10000002384	-0.699999988079	1.29999995232	-0.20000000298
0.785495901409	7.67944866716e-05	3.14160836624	1.04719760094e-05	-3.14159259962e-05	2.09439520187e-05	1.95847761353	0.0	0.0	0.00654498469498	0.0	0.0	1.60000002384	2.70000004768	-0.600000023842	2.09999990463	0.5	-0.20000000298
0.921546082278	7.67944866716e-05	3.14160836624	2.09439520187e-05	-3.14159259962e-05	3.14159259962e-05	1.87993779719	0.0	0.0	0.00392699071297	0.0	0.0	-4.0	2.20000004768	0.800000011921	1.20000004768	1.10000002384	-0.20000000298
1.16136300607	7.67944866716e-05	3.14160836624	1.04719760094e-05	-3.14159259962e-05	3.14159259962e-05	1.78350832938	0.0	0.000872664639002	0.00261799398201	0.0	0.0	-4.59999990463	2.0	0.699999988079	1.70000004768	0.800000011921	-0.20000000298
1.37549567194	7.67944866716e-05	3.14161529046	0.0	-3.14159259962e-05	4.18879040374e-05	1.69885988729	0.0	0.000872664639002	0.0	0.0	0.0	-4.80000019073	2.0	0.699999988079	1.60000002384	0.699999988079	-0.20000000298
1.5926286551	7.67944866716e-05	3.14161529046	-1.04719760094e-05	-2.09439520187e-05	4.18879040374e-05	1.61050259391	0.0	0.0	0.00392699071297	0.0	0.0	-5.5	2.20000004768	0.5	1.60000002384	0.899999976158	-0.20000000298
1.78544218381	7.67944866716e-05	3.14161529046	-0.114360955865	-2.09439520187e-05	5.2359878015e-05	1.51407312611	0.0	0.0	0.0	0.0	0.0	-6.30000019073	3.0	0.20000000298	1.70000004768	1.0	-0.20000000298
1.97888222117	7.67944866716e-05	3.14161529046	0.0	-2.09439520187e-05	6.45771823433e-05	1.41284397623	0.0	0.0	0.0	0.0	0.0	-6.19999980927	3.09999990463	-0.600000023842	1.70000004768	0.800000011921	-0.20000000298
2.14777776697	7.67944866716e-05	3.14161529046	0.0	-2.09439520187e-05	6.45771823433e-05	1.30834246716	0.0	0.0	0.0	0.0	0.0	-3.79999995232	2.70000004768	1.10000002384	1.60000002384	0.600000023842	-0.20000000298
2.32464934708	7.67944866716e-05	3.14161529046	0.0	-2.09439520187e-05	6.45771823433e-05	1.20122280442	0.0	0.0	0.00130899699101	0.0	0.0	-4.0	3.09999990463	0.20000000298	1.70000004768	0.800000011921	-0.20000000298
2.46777508091	7.67944866716e-05	3.14161529046	-1.04719760094e-05	-2.09439520187e-05	7.50491603845e-05	1.08472215675	0.0	0.0	0.0	0.0	0.0	-3.0	1.89999997616	-1.10000002384	1.39999997616	1.20000004768	-0.20000000298
2.60611697848	7.67944866716e-05	3.14161529046	-1.04719760094e-05	-2.09439520187e-05	7.50491603845e-05	0.970184924584	0.0	0.0	0.0	0.0	0.0	-3.59999990463	1.89999997616	-1.5	2.0	0.699999988079	-0.20000000298
2.7217695425	7.67944866716e-05	3.14162407889	-1.04719760094e-05	-2.09439520187e-05	7.50491603845e-05	0.852593312967	0.0	0.0	0.0	0.0	0.0	-1.0	3.70000004768	2.70000004768	1.0	1.0	-0.20000000298
2.83647242329	7.67944866716e-05	3.14162407889	-1.04719760094e-05	-1.04719760094e-05	8.5521134362e-05	0.71056719835	0.0	0.0	0.0	0.0	0.0	-2.79999995232	2.59999990463	2.0	1.0	1.29999995232	-0.20000000298
2.92542147106	8.37758080749e-05	3.14162407889	-2.09439520187e-05	-1.04719760094e-05	8.5521134362e-05	0.550651365689	0.0	0.0	0.0	0.0	0.0	3.59999990463	3.29999995232	1.29999995232	1.10000002384	0.600000023842	-0.20000000298
2.99542319295	8.37758080749e-05	3.14162407889	-2.09439520187e-05	-1.04719760094e-05	8.5521134362e-05	0.447676946478	0.0	0.0	0.0	0.0	0.0	-2.09999990463	1.70000004768	-1.29999995232	1.10000002384	1.10000002384	-0.20000000298
3.04859453569	8.37758080749e-05	3.14162407889	-2.09439520187e-05	-1.04719760094e-05	8.5521134362e-05	0.352774668401	0.0	0.0	0.0	0.0	0.0	0.5	1.89999997616	1.5	1.39999997616	0.800000011921	-0.20000000298
3.09329063458	8.37758080749e-05	3.14162407889	-2.09439520187e-05	-1.04719760094e-05	8.5521134362e-05	0.246745919672	0.0	0.0	0.0	0.0	0.0	-1.89999997616	2.70000004768	-0.699999988079	1.70000004768	0.899999976158	-0.20000000298
3.12036592812	8.37758080749e-05	3.14162407889	-2.09439520187e-05	-1.04719760094e-05	9.59931083395e-05	0.125881873965	0.0	0.0	0.0	0.0	0.0	-2.29999995232	4.80000019073	-0.600000023842	1.60000002384	0.800000011921	-0.20000000298
3.13566019595	8.37758080749e-05	3.14162407889	-2.09439520187e-05	-1.04719760094e-05	9.59931083395e-05	0.0425424005174	0.0	0.0	0.0	0.0	0.0	-1.20000004768	2.79999995232	-0.5	1.70000004768	0.800000011921	-0.20000000298
3.14046347329	8.37758080749e-05	3.14162407889	-2.09439520187e-05	-1.04719760094e-05	9.59931083395e-05	0.00654498469498	0.0	0.0	0.0	0.0	0.0	-0.600000023842	1.10000002384	0.600000023842	1.5	0.800000011921	-0.20000000298
